"","V1","V2","V3","V4","V5","V6","V7","V8","V9","V10","V11","V12","V13","V14","V15","V16","V17","V18","V19","V20","V21","V22","V23","V24","V25","V26","V27","V28","V29","V30","V31","V32","V33","V34","V35","V36","V37","V38","V39","V40","V41","V42","V43","V44","V45","V46","V47","V48","V49","V50","V51","V52","V53","V54","V55","V56","V57","V58","V59","V60","V61","V62","V63","V64","V65","V66","V67","V68","V69","V70","V71","V72","V73","V74","V75","V76","V77","V78","V79","V80","V81","V82","V83","V84","V85","V86","V87","V88","V89","V90","V91","V92","V93","V94","V95","V96","V97","V98","V99","V100","V101","V102","V103","V104","V105","V106","V107","V108","V109","V110","V111","V112","V113","V114","V115","V116","V117","V118","V119","V120","V121","V122","V123","V124","V125","V126","V127","V128","V129","V130","V131","V132","V133","V134","V135","V136","V137","V138","V139","V140","V141","V142","V143","V144","V145","V146","V147","V148","V149","V150","V151","V152","V153","V154","V155","V156","V157","V158","V159","V160","V161","V162","V163","V164","V165","V166","V167","V168","V169","V170","V171","V172","V173","V174","V175","V176","V177","V178","V179","V180","V181","V182","V183","V184","V185","V186","V187","V188","V189","V190","V191","V192","V193","V194","V195","V196","V197","V198","V199","V200","V201","V202","V203","V204","V205","V206","V207","V208","V209","V210","V211","V212","V213","V214","V215","V216","V217","V218","V219","V220","V221","V222","V223","V224","V225","V226","V227","V228","V229","V230","V231","V232","V233","V234","V235","V236","V237","V238","V239","V240","V241","V242","V243","V244","V245","V246","V247","V248","V249","V250","V251","V252","V253","V254","V255","V256","V257","V258","V259","V260","V261","V262","V263","V264","V265","V266","V267","V268","V269","V270","V271","V272","V273","V274","V275","V276","V277","V278","V279","V280","V281","V282","V283","V284","V285","V286","V287","V288","V289","V290","V291","V292","V293","V294","V295","V296","V297","V298","V299","V300"
"1",38,30,9,21,5,31,14,20,35,39,25,30,11,41,34,4,43,28,27,1,41,4,16,5,34,9,10,11,36,13,38,34,3,16,25,3,47,41,30,47,36,47,8,50,16,8,7,9,22,3,6,41,50,50,5,2,20,50,1,23,47,9,21,41,29,19,39,3,39,23,48,47,24,46,33,25,44,43,24,50,48,48,37,20,14,44,15,38,49,28,15,45,5,15,12,39,32,8,30,47,3,47,48,21,49,11,23,41,33,2,33,9,25,26,23,9,30,22,11,30,10,23,28,18,18,35,26,29,40,6,24,49,5,49,13,33,33,2,46,22,39,11,9,35,2,39,48,5,50,7,6,3,12,39,21,43,12,34,35,35,40,30,50,26,37,21,4,28,46,48,21,18,20,17,12,2,5,32,35,7,27,25,1,2,46,3,6,5,34,42,37,40,24,32,23,4,36,12,39,12,29,38,39,30,14,6,39,3,16,13,19,41,42,49,27,3,45,46,27,49,29,50,11,5,47,18,3,27,10,6,21,45,20,48,37,14,21,7,4,41,10,23,45,28,20,30,4,5,31,37,33,17,28,38,4,46,9,36,39,11,48,33,49,35,15,43,6,49,27,46,18,16,23,48,16,23,11,46,14,27,21,18,26,1,31,20,14,33,17,38,30,49,13,18,27,43,18,24,18,24
"2",0,25,51,0,0,0,28,0,95,0,0,0,0,0,0,24,29,0,0,0,77,0,0,0,0,0,0,0,0,51,0,0,68,0,0,0,0,57,82,0,29,31,0,0,26,0,0,0,0,0,0,45,0,0,0,0,7,0,0,84,0,0,94,0,27,0,0,39,6,0,0,33,80,0,86,4,0,0,0,0,22,41,83,0,13,0,69,0,0,0,0,0,0,0,0,0,0,0,48,0,0,0,89,0,40,0,0,0,0,65,0,0,0,0,0,0,0,47,0,0,0,19,0,17,44,0,0,63,0,58,0,0,0,0,0,0,0,0,0,0,0,78,0,0,0,6,30,0,0,80,0,0,0,0,0,54,96,0,0,93,0,0,0,0,45,0,0,0,0,0,0,0,0,0,0,60,0,77,0,57,0,0,0,0,0,0,25,0,44,0,25,0,0,0,0,57,92,46,30,0,0,0,53,0,91,0,20,0,0,44,39,0,14,0,93,9,0,82,0,0,0,0,19,0,0,0,0,0,77,0,0,0,86,49,0,89,0,0,95,0,0,55,0,8,0,0,73,34,60,0,0,0,32,0,0,39,0,0,0,0,0,0,53,72,0,0,0,0,0,97,0,0,0,0,0,0,0,0,62,36,0,36,54,0,0,95,0,0,7,97,0,0,0,77,7,0,0,0,0,0
"3",0,0,0,0,0,0,53,55,0,0,0,90,0,0,0,48,0,0,0,0,52,0,0,0,0,0,0,0,0,0,0,0,64,0,81,0,0,0,0,0,0,0,0,0,73,38,56,0,0,100,0,0,0,0,60,0,0,0,0,48,0,0,0,74,0,0,0,23,0,0,2,0,4,0,0,0,0,0,0,0,50,0,0,50,0,0,0,0,0,6,0,8,19,29,78,0,0,0,0,0,0,49,0,0,0,90,0,0,0,0,44,0,0,0,0,11,0,21,34,0,0,0,0,0,0,0,0,0,0,90,0,0,0,0,0,0,0,93,0,0,18,0,0,16,0,0,0,0,76,72,28,0,54,0,0,0,62,0,0,0,59,0,0,0,0,0,46,0,0,0,0,0,0,0,36,70,0,0,49,0,0,80,0,32,71,0,0,0,0,14,0,0,0,0,0,37,0,0,0,0,0,50,0,0,0,96,26,28,0,0,0,0,0,0,46,0,0,0,0,0,0,0,0,0,0,0,0,4,0,0,0,0,35,0,0,0,7,0,0,0,0,0,0,0,0,0,0,0,0,0,0,24,56,0,0,0,77,0,12,0,0,0,0,0,0,0,0,87,0,68,0,28,0,0,94,0,0,87,0,0,97,0,41,0,96,0,0,47,13,0,0,90,0,0,94,0,0,0,0,0
"4",0,0,0,0,0,0,0,0,0,93,0,0,0,0,1,0,90,0,0,14,0,0,0,0,0,57,45,0,0,0,0,0,0,0,0,0,58,94,0,0,0,0,30,0,0,0,0,0,0,0,81,65,0,0,86,94,3,0,0,0,0,0,3,0,0,10,0,0,0,0,64,0,0,0,0,0,81,0,0,0,0,0,0,0,12,0,8,0,0,0,22,0,0,0,69,0,0,0,0,0,0,0,84,0,84,22,10,0,0,99,0,0,0,92,0,0,87,0,0,34,0,0,0,3,0,0,0,0,0,0,0,83,0,0,0,0,0,0,0,44,0,0,0,75,0,0,0,0,0,0,0,96,0,51,82,0,23,0,0,0,0,0,0,70,0,0,0,0,14,0,0,0,0,0,4,55,0,0,0,0,0,2,0,0,0,0,0,0,0,73,0,0,0,0,0,0,0,0,0,18,0,0,0,0,83,81,0,0,0,0,0,0,95,0,0,0,0,0,0,9,0,0,0,85,77,0,0,0,28,9,0,90,97,0,0,0,0,49,8,0,0,0,0,0,0,0,0,0,42,80,49,0,0,0,0,75,0,0,0,0,87,0,0,32,0,0,0,93,0,0,0,0,0,6,68,0,58,0,0,38,0,0,0,0,0,0,0,0,84,0,0,0,0,0,0,0,80,0,0,12
"5",0,0,0,0,63,0,0,0,0,53,0,56,5,0,0,0,0,0,0,55,0,0,2,0,26,0,0,0,0,48,0,100,0,0,0,0,96,0,48,0,0,0,0,0,0,0,0,61,0,98,0,0,40,0,0,0,0,0,0,0,0,46,0,0,0,0,0,0,0,0,0,16,0,0,0,0,0,0,0,93,0,84,0,0,0,0,0,0,0,0,0,0,0,0,0,0,0,0,0,66,0,0,0,0,0,0,33,30,41,0,0,0,0,0,0,78,42,64,0,0,0,0,0,0,0,97,0,74,0,55,66,82,54,0,0,88,0,2,0,0,0,0,0,0,0,0,0,0,0,0,0,0,0,0,73,0,100,0,0,0,0,88,0,0,0,0,0,0,41,0,0,0,49,0,0,0,0,0,0,0,0,0,0,0,0,0,0,28,0,0,71,0,0,0,0,0,96,89,0,46,0,0,0,0,12,0,0,0,0,0,39,0,0,58,98,0,49,0,0,0,0,0,0,94,0,52,93,0,14,0,0,0,0,22,0,0,61,0,0,0,0,0,0,58,73,4,8,14,0,0,24,0,0,0,0,0,0,0,23,0,0,0,0,0,0,80,92,0,0,41,0,0,63,0,5,69,0,0,0,5,25,0,0,0,0,0,0,96,0,0,0,48,47,0,0,0,0,0,31,74
"6",0,0,0,0,0,65,0,89,0,0,0,0,0,67,0,0,0,0,0,97,0,0,67,0,0,0,0,0,0,50,0,0,0,0,0,71,0,0,88,62,0,39,0,82,90,0,0,87,86,98,0,0,0,0,0,12,0,82,0,0,0,69,0,0,0,72,0,51,0,0,0,0,0,34,0,0,50,6,0,0,14,0,0,63,0,87,0,0,0,0,35,0,0,0,0,0,0,0,0,0,0,0,0,0,0,0,0,0,40,70,71,0,0,0,0,0,72,0,8,0,0,0,0,0,0,0,0,0,39,0,61,0,0,0,72,0,19,0,0,27,29,0,0,0,0,62,0,0,0,0,0,0,0,0,88,0,26,0,19,0,0,0,0,0,99,0,0,0,0,47,0,50,75,0,0,0,0,66,0,0,0,0,15,0,0,0,0,0,96,78,0,91,0,0,0,53,0,0,0,0,14,47,0,86,0,0,0,0,0,0,0,0,0,0,51,0,0,61,0,0,0,0,41,0,0,0,65,0,16,81,9,0,0,0,1,0,0,40,0,0,0,0,0,45,0,0,71,0,53,0,35,19,61,0,0,0,0,0,0,8,68,20,0,16,0,0,6,0,47,0,0,0,15,73,9,0,0,0,0,0,0,0,0,0,6,0,0,31,0,0,0,0,0,0,0,0,0,99,0,0
"7",0,0,0,0,0,80,0,0,0,0,0,13,0,0,0,20,0,0,0,0,89,0,23,96,0,0,0,0,0,0,0,0,0,0,59,38,0,0,0,0,0,0,0,0,0,0,91,39,0,0,0,0,0,34,0,0,86,0,48,0,0,0,63,0,0,0,0,0,0,0,0,0,46,47,20,0,83,83,20,0,82,56,0,84,0,31,0,21,0,0,52,0,0,0,0,0,0,0,99,0,0,46,29,0,0,0,0,0,0,40,0,0,36,0,0,0,0,77,0,7,0,0,0,0,0,0,0,0,66,19,0,91,0,60,0,0,0,0,59,0,0,0,0,0,0,0,0,59,0,95,23,0,0,0,54,0,0,0,41,9,0,0,0,0,0,0,0,0,0,70,45,0,0,0,11,0,0,46,0,0,95,0,0,0,0,0,50,0,0,0,46,0,0,0,70,0,0,0,0,0,0,0,76,12,0,29,38,0,67,0,0,0,0,87,0,0,0,0,25,0,0,24,0,0,0,0,0,0,0,0,0,49,0,0,60,0,9,78,0,0,0,2,0,0,38,60,0,0,84,0,40,51,0,0,0,0,0,0,0,0,0,0,0,0,34,0,0,8,0,0,14,58,0,0,0,0,0,0,0,0,0,0,0,0,0,0,0,0,91,0,0,0,0,0,0,0,0,0,0,0
"8",0,0,0,0,0,0,0,0,92,0,0,0,0,0,48,0,0,0,0,0,91,0,0,0,0,0,56,0,0,0,0,23,93,0,0,0,0,0,62,69,0,0,0,0,0,0,0,0,0,0,0,0,0,0,0,0,0,0,66,0,0,0,1,96,94,0,68,0,0,0,0,39,0,49,84,0,27,0,0,97,0,95,0,0,0,0,0,3,0,0,0,4,0,0,0,80,0,0,0,7,98,0,38,58,79,14,0,0,0,0,13,0,0,0,0,0,0,76,0,0,0,0,0,0,0,0,0,38,0,54,0,0,0,0,32,0,37,0,0,0,0,61,0,0,0,0,0,24,0,0,0,0,0,0,0,0,0,30,0,0,0,0,0,45,0,42,0,55,11,0,0,0,22,0,0,64,0,0,0,0,0,0,99,0,0,0,61,0,0,0,0,44,0,0,0,0,70,0,0,4,16,0,0,0,0,83,0,62,46,0,0,0,0,0,0,81,0,0,0,0,0,57,0,28,0,0,17,0,60,0,47,0,0,0,0,5,0,0,84,0,20,0,0,10,4,0,0,0,0,0,65,68,88,0,89,0,0,0,0,0,96,0,58,0,0,0,0,85,0,0,68,0,0,0,0,0,0,100,0,0,40,0,0,0,0,0,0,0,0,0,0,3,0,88,82,0,80,46,71,0
"9",0,0,0,0,0,0,0,0,0,68,0,0,0,98,0,0,0,0,53,7,0,0,0,0,61,0,0,0,0,0,0,0,0,0,50,0,0,0,0,44,0,0,0,0,0,0,0,68,0,0,62,100,25,0,29,0,0,0,0,16,0,0,0,24,0,0,0,0,0,0,26,39,0,0,0,0,70,0,75,0,0,0,0,0,0,0,0,0,71,0,53,40,20,0,0,0,0,0,0,0,0,88,0,0,82,0,0,0,0,24,0,0,0,70,0,0,0,0,47,0,52,0,30,82,0,17,0,48,0,0,0,0,0,33,20,0,0,0,0,0,71,0,54,0,41,0,0,30,0,0,0,0,0,0,0,60,0,20,26,0,0,0,74,0,10,0,27,0,0,0,0,0,0,4,53,0,0,0,0,0,0,0,0,0,0,0,0,0,0,0,0,0,62,0,0,60,0,0,0,0,49,0,0,0,0,0,62,94,0,0,0,0,0,0,0,0,18,0,56,0,0,5,11,0,0,74,23,9,0,53,0,6,0,0,0,0,52,0,0,0,0,0,0,0,0,0,100,18,74,88,81,0,16,32,0,0,0,0,0,0,91,0,62,64,0,5,0,0,0,0,0,0,86,0,0,0,0,0,0,0,0,84,0,0,0,3,0,0,0,0,0,0,0,0,18,0,0,46,0,85
"10",0,0,0,0,0,0,0,0,0,0,0,0,0,0,0,18,26,0,50,0,0,0,0,0,0,7,0,0,0,0,88,0,0,0,45,0,0,82,0,70,0,0,51,86,0,0,0,0,0,0,0,0,55,0,0,0,0,67,0,0,0,0,0,0,0,0,0,0,0,0,0,0,0,31,0,0,0,6,0,0,0,0,0,71,0,51,0,0,0,0,0,0,0,0,0,0,0,29,87,0,0,0,94,0,0,90,0,0,0,0,0,0,0,0,9,0,0,0,0,32,0,0,2,0,0,92,46,17,0,0,0,0,0,0,74,80,0,0,45,83,0,96,0,56,0,0,60,53,75,0,0,29,86,0,0,0,0,25,0,0,92,0,0,0,0,0,0,0,26,0,0,0,0,0,0,0,74,58,0,0,0,0,0,0,3,51,39,36,65,0,0,0,0,0,0,0,0,49,0,0,0,0,0,0,0,0,0,35,96,58,44,0,0,0,0,36,0,53,0,56,61,0,0,0,0,70,0,82,83,0,0,0,75,0,0,0,8,0,0,73,83,50,0,0,36,0,0,0,0,0,0,0,85,0,0,0,0,0,76,0,0,0,79,0,0,9,0,0,0,0,0,0,0,0,0,0,0,18,46,84,0,0,0,0,0,0,0,72,0,0,0,0,0,82,96,0,0,0,0,0
"11",0,0,0,0,0,0,0,0,0,0,0,30,0,0,0,0,97,0,0,0,0,2,0,29,0,0,27,0,9,0,0,0,85,56,0,0,0,86,66,0,0,6,0,0,0,0,0,0,71,70,0,0,0,0,78,29,0,0,0,30,0,0,0,0,0,0,0,0,0,0,11,90,93,0,0,0,0,23,0,55,0,0,0,0,44,0,0,0,31,0,68,0,0,91,0,87,0,0,0,0,0,27,0,12,97,0,0,0,0,0,0,0,0,46,79,0,0,0,0,91,0,0,0,0,69,0,0,58,18,0,0,0,0,0,0,0,0,0,31,0,0,0,0,0,59,0,76,0,19,0,96,0,72,0,72,0,0,0,7,0,0,0,67,0,0,96,11,0,0,0,0,75,0,100,0,0,0,19,0,0,96,0,0,73,0,45,0,26,32,58,0,6,0,67,43,15,82,0,0,0,0,0,51,16,1,0,0,93,0,0,0,0,0,0,0,0,0,0,0,0,47,0,0,0,55,69,0,0,0,19,0,0,0,76,35,30,0,0,0,0,0,85,0,0,0,0,0,86,0,0,0,0,38,0,0,0,0,0,0,43,0,0,0,0,62,0,0,0,0,0,0,0,0,68,0,0,0,95,0,0,52,0,74,0,0,49,0,91,0,0,0,0,0,0,76,0,23,45,2,0
"12",0,0,0,0,0,0,0,0,0,0,0,0,0,68,18,0,0,0,0,0,0,0,0,0,0,11,2,0,0,0,0,43,4,0,0,94,0,0,0,0,0,0,0,0,82,0,90,56,0,0,0,0,0,15,0,40,0,0,0,0,68,0,67,0,0,68,0,0,0,30,0,0,0,0,67,0,19,45,0,0,0,0,24,0,0,0,67,0,0,0,0,19,0,0,0,0,1,8,0,93,0,0,0,0,0,0,0,0,0,23,0,0,0,0,0,0,0,0,94,0,0,0,0,0,0,0,0,0,74,59,0,0,0,0,0,0,0,0,0,0,0,0,0,0,0,0,0,0,0,0,95,77,46,37,0,0,0,0,0,0,21,0,0,0,0,0,0,0,0,0,74,0,0,0,0,0,47,0,0,0,0,89,0,0,97,68,0,0,0,0,52,100,0,75,0,50,0,0,0,49,0,0,0,0,0,0,0,0,0,0,0,89,0,0,52,72,0,0,0,0,0,0,0,0,0,0,0,5,0,41,0,70,0,0,21,0,0,0,0,0,7,0,63,0,94,9,0,0,86,0,0,13,66,35,0,0,0,0,0,0,0,0,90,0,0,0,71,0,0,0,0,0,0,0,0,0,0,0,0,0,18,0,0,0,0,0,0,18,46,0,0,0,0,29,23,57,0,4,0,0
"13",0,0,0,0,0,0,0,0,0,0,0,66,0,73,0,0,0,48,0,0,1,0,0,0,11,0,0,0,96,0,0,0,0,95,46,0,2,0,0,0,38,31,0,36,0,97,0,0,0,0,0,0,51,0,0,0,0,0,0,3,0,34,50,49,0,0,0,0,0,0,0,96,0,0,32,8,21,0,0,0,80,0,87,0,0,0,0,0,0,44,0,8,0,0,0,0,28,1,69,0,0,0,0,0,0,0,0,0,1,0,96,32,0,0,43,0,59,0,59,0,19,0,0,0,0,0,0,0,0,6,16,0,0,0,0,0,0,0,0,0,0,0,41,30,0,0,91,0,0,0,85,22,0,0,0,0,0,0,0,0,0,0,50,0,0,0,67,0,0,53,0,69,0,0,0,0,0,0,0,0,0,0,0,29,91,0,0,24,0,0,0,0,0,84,0,0,0,0,0,0,0,0,0,0,0,0,0,0,0,22,77,0,0,0,0,44,0,0,0,29,0,0,0,0,0,93,0,0,28,33,0,94,0,11,0,0,87,41,0,0,24,0,0,0,0,0,0,0,0,0,0,0,0,0,0,0,50,0,82,0,0,0,0,0,35,0,0,39,0,0,11,0,0,0,0,0,0,0,0,0,0,0,4,0,0,0,0,62,55,0,0,0,0,0,3,0,0,81,0,0
"14",0,0,0,0,0,0,0,0,0,0,0,0,14,0,0,0,0,0,0,0,10,0,0,0,14,0,49,55,0,0,0,84,0,0,0,0,0,95,41,0,0,0,0,0,44,0,0,41,76,0,0,0,0,0,0,5,0,0,0,0,0,0,0,8,0,0,0,0,55,0,0,0,0,0,0,0,46,0,43,0,0,0,80,0,65,42,0,0,96,0,0,17,61,0,0,0,42,0,0,0,0,0,0,0,42,0,0,85,0,0,0,0,0,45,0,0,0,0,0,0,0,0,0,0,0,87,0,0,52,0,0,0,30,0,0,0,0,0,0,0,0,0,36,0,0,0,84,0,65,0,0,0,0,0,0,6,0,0,0,18,0,23,0,3,0,13,0,46,0,0,34,0,0,92,0,0,21,0,0,75,20,0,39,0,0,0,0,0,82,0,0,83,31,0,88,0,4,0,0,0,47,0,0,0,0,0,0,15,0,0,25,0,0,0,0,0,83,0,0,0,0,58,29,0,0,0,0,0,10,0,77,14,0,71,62,0,0,98,0,0,0,0,41,0,0,39,76,43,0,0,0,66,1,90,19,0,0,88,0,0,0,0,0,29,96,0,0,87,99,0,0,0,12,0,0,0,79,0,0,18,57,0,0,0,0,0,0,0,0,0,100,0,0,54,0,0,40,33,98,0
"15",0,0,0,0,0,0,0,0,0,0,0,0,0,6,0,86,13,0,0,0,14,0,0,0,0,0,69,49,67,0,0,0,57,0,71,0,0,0,100,0,0,46,0,60,0,85,0,0,0,0,0,0,0,0,0,0,44,93,0,79,0,0,93,39,0,0,0,56,18,0,0,0,0,0,5,0,85,0,43,0,0,0,3,0,0,0,5,0,0,0,0,0,98,0,0,96,47,0,0,0,25,0,0,0,0,35,0,0,17,0,0,27,0,0,5,5,39,23,0,98,0,0,0,30,0,95,0,0,0,0,0,0,0,0,44,61,25,82,0,71,0,0,91,90,88,0,0,69,0,0,0,0,0,0,0,31,0,100,9,0,84,0,95,0,0,17,21,0,0,0,84,0,0,0,21,0,0,0,0,0,25,0,0,0,0,0,0,0,0,64,0,0,0,23,0,82,0,0,0,0,0,0,0,0,22,0,0,0,56,91,0,0,0,0,0,0,33,39,30,0,0,0,0,0,0,64,0,0,0,0,0,40,0,0,0,0,0,0,0,0,0,0,0,0,82,67,0,0,0,0,0,0,0,0,0,0,5,0,16,0,0,0,0,32,0,0,0,21,0,0,5,77,0,0,0,0,0,0,0,64,0,0,0,0,84,31,21,0,0,0,0,0,0,0,20,0,0,0,0,0
"16",0,0,0,0,0,0,0,0,0,0,0,0,0,0,0,0,0,0,11,24,0,90,0,0,0,0,0,0,0,0,63,0,59,4,0,0,0,0,87,0,0,0,0,0,0,0,65,49,0,0,0,44,94,88,0,40,0,78,0,25,0,7,82,0,0,0,0,0,0,0,44,0,0,0,0,0,39,3,0,0,90,0,0,0,0,0,0,0,0,0,0,0,0,0,79,0,0,0,88,0,0,0,0,75,0,0,22,0,20,0,0,0,0,0,96,10,0,0,57,0,59,68,0,0,4,51,0,0,0,0,0,0,0,0,0,0,0,0,0,0,0,59,0,19,0,42,0,0,0,39,0,3,0,3,0,0,0,0,0,0,39,0,0,0,0,99,98,0,0,0,0,0,39,0,14,0,0,0,0,0,41,0,0,0,0,23,59,0,54,0,18,0,0,80,0,0,0,53,0,0,21,0,0,0,34,0,0,0,0,0,0,0,0,0,79,0,0,0,0,0,14,50,0,0,0,0,0,0,74,98,85,0,0,0,0,0,0,0,0,0,0,74,0,0,0,0,14,0,0,0,0,0,0,83,87,0,98,0,0,0,0,0,2,48,16,0,0,1,0,0,0,0,33,0,0,0,37,77,0,0,0,0,0,0,0,37,0,0,0,0,0,0,0,0,0,0,0,0,0,0
"17",0,0,0,0,0,0,0,0,0,0,0,0,0,0,0,1,0,99,0,0,13,0,56,0,0,0,0,0,8,0,0,0,0,19,0,7,0,0,0,0,82,0,0,0,0,0,90,0,25,0,0,26,0,0,0,0,0,49,0,0,6,0,0,0,0,0,0,0,0,0,0,33,0,0,0,30,0,0,0,0,21,0,2,46,0,33,0,0,0,0,82,0,0,0,0,0,0,0,0,25,0,0,0,0,0,0,0,0,15,0,95,66,0,76,0,0,0,0,0,0,61,90,72,0,93,0,0,13,0,79,15,0,23,78,0,0,0,6,0,0,0,0,0,0,0,31,0,0,0,0,0,0,0,89,34,0,45,0,0,0,0,67,1,38,61,0,41,0,0,0,0,0,0,0,0,0,0,0,68,0,0,7,48,0,0,0,0,0,0,0,0,0,68,0,0,0,0,0,0,0,0,0,0,0,0,8,0,0,0,0,89,0,0,0,0,0,0,0,65,42,0,0,0,20,0,36,0,0,0,0,59,0,0,0,0,0,0,67,0,42,0,0,0,65,91,0,0,0,0,0,82,0,0,0,0,14,0,0,0,0,50,0,94,0,0,27,42,0,35,0,63,0,0,81,0,16,57,0,0,0,78,0,0,32,0,0,0,0,0,1,0,63,0,0,17,0,0,45,0,0
"18",0,0,0,0,0,0,0,0,0,0,0,0,0,0,0,0,0,0,0,0,0,0,0,0,0,0,0,0,0,0,38,18,33,0,0,0,82,89,0,0,97,0,0,0,0,95,78,0,0,0,0,93,0,0,0,0,69,0,0,0,0,0,39,0,0,0,0,24,0,0,0,0,0,0,0,0,60,0,0,43,15,0,0,0,69,90,0,91,0,0,0,0,0,0,0,0,0,0,0,0,41,7,0,0,0,0,0,0,0,0,0,0,0,0,0,25,85,0,0,0,0,0,0,0,82,0,0,0,56,0,0,0,0,0,0,52,100,0,36,0,0,0,0,0,0,0,0,60,95,0,0,0,59,0,64,87,0,0,0,0,0,0,0,0,0,0,0,78,0,0,51,0,0,0,31,0,0,0,50,0,0,0,0,0,16,0,0,0,52,0,88,0,74,36,0,0,0,0,0,40,0,0,0,0,0,0,1,22,0,0,0,0,0,0,36,0,39,56,0,0,0,0,0,97,0,89,61,0,0,18,0,62,0,0,0,0,0,0,0,41,0,25,0,37,98,15,0,0,0,0,0,38,21,0,0,37,0,0,44,0,30,6,35,0,0,39,0,0,0,0,98,0,0,0,0,0,0,96,0,73,0,0,0,0,0,0,68,0,55,83,0,0,0,0,0,0,8,81,61,0
"19",0,0,0,0,0,0,0,0,0,0,0,0,0,0,0,0,0,0,61,0,0,0,10,0,76,0,0,0,0,36,0,0,0,25,0,0,0,72,0,0,0,0,0,0,39,0,40,0,0,0,0,18,0,0,35,0,0,0,0,0,0,0,0,19,0,0,0,57,0,52,0,0,0,25,0,28,0,68,0,0,0,34,0,0,0,0,0,0,0,0,0,0,0,0,0,0,0,0,0,0,0,0,37,0,0,0,19,95,0,5,35,0,44,0,45,69,0,0,0,0,0,0,0,18,0,36,93,73,0,0,0,0,25,0,0,0,0,39,0,0,0,12,6,86,52,0,0,0,0,57,0,0,95,0,0,0,2,0,47,0,46,0,0,20,0,0,64,0,0,0,0,0,0,51,52,21,0,0,0,0,0,17,0,0,53,0,0,0,0,0,66,0,0,0,0,0,0,0,0,0,63,0,0,0,0,0,0,57,19,9,0,32,0,0,0,0,0,77,0,70,0,0,0,71,0,0,0,89,0,0,0,64,0,26,25,42,70,0,0,0,0,0,0,0,99,0,0,96,86,0,91,0,71,0,0,0,0,0,0,67,0,0,85,0,0,0,0,0,0,37,3,0,0,93,62,0,34,0,0,1,70,35,0,0,32,0,0,0,93,93,57,0,0,87,78,32,60,0,0,0
"20",0,0,0,0,0,0,0,0,0,0,0,0,0,0,0,0,0,0,0,0,1,0,0,0,0,0,0,0,0,3,0,0,0,0,0,97,0,0,0,0,45,0,13,0,0,91,0,90,0,0,0,0,0,0,35,0,0,0,0,0,0,0,0,0,0,0,34,0,3,2,0,0,0,0,3,83,25,0,0,0,0,0,57,0,0,0,0,91,0,0,0,10,61,0,0,0,0,0,57,0,0,0,74,0,0,0,93,0,48,0,0,0,0,0,0,0,62,0,0,0,0,14,33,0,0,0,63,87,0,0,0,0,69,11,32,0,0,2,0,43,0,0,96,0,0,0,31,0,76,56,91,93,97,0,0,0,0,0,0,0,0,0,0,0,59,0,0,0,0,41,0,53,0,0,100,0,55,0,46,0,0,35,39,92,0,0,0,29,0,0,63,0,0,0,0,0,0,0,53,0,0,0,0,0,0,10,15,0,0,98,0,0,0,0,0,85,83,24,0,0,0,11,0,54,0,90,0,0,0,0,0,0,35,56,0,5,0,0,0,0,0,0,0,0,0,14,0,0,0,0,0,0,28,62,0,0,0,68,74,79,0,39,0,0,0,0,0,0,0,0,0,0,69,0,79,0,62,91,0,0,40,0,0,0,0,0,53,0,0,0,0,0,0,0,25,0,42,0,0,52
"21",0,0,0,0,0,0,0,0,0,0,0,0,0,0,0,0,0,0,0,0,0,0,0,0,0,0,79,0,0,0,0,9,0,59,0,0,0,0,0,0,0,0,0,0,99,0,0,0,0,90,0,0,0,0,0,0,69,67,0,0,0,0,0,0,0,85,42,0,0,0,0,49,0,38,0,0,0,0,0,80,0,73,0,20,0,0,0,92,0,76,0,0,0,0,0,91,96,0,84,0,0,15,0,0,0,0,0,0,0,0,0,0,0,0,0,90,0,0,0,0,43,29,0,0,0,0,0,0,0,24,0,0,39,33,0,0,0,0,0,0,0,0,0,0,3,0,0,0,0,0,79,3,0,0,0,0,0,0,0,0,0,0,0,0,0,0,0,0,0,88,0,0,0,32,0,0,0,0,0,78,0,0,22,0,0,0,0,0,0,0,0,0,19,15,0,79,0,0,0,72,0,9,83,0,0,0,0,0,99,0,0,0,0,71,87,0,5,0,91,0,0,3,0,0,0,68,63,0,17,0,0,0,0,0,0,46,0,0,77,0,0,0,0,44,0,0,0,80,87,0,55,0,0,0,0,0,0,0,0,0,0,0,0,0,0,0,0,0,0,0,0,0,40,0,0,0,0,0,0,93,0,0,0,0,0,0,56,76,0,0,0,0,63,24,0,82,0,0,91,0
"22",0,0,0,0,0,0,0,0,0,0,0,0,0,0,0,0,0,0,0,0,0,69,13,0,0,0,0,0,0,94,0,38,0,53,27,0,0,21,0,0,64,0,0,0,0,11,0,0,35,0,0,84,0,0,0,0,0,0,0,0,0,0,0,0,0,0,0,0,0,0,0,0,87,0,0,0,0,0,0,0,1,0,0,0,0,0,0,21,0,0,0,0,0,0,24,0,0,0,50,45,0,0,0,58,0,0,0,0,25,0,0,78,0,38,66,0,65,0,0,0,0,0,0,0,0,82,0,0,61,0,0,0,39,0,0,0,52,77,0,0,51,0,0,0,0,0,0,0,34,0,0,0,0,0,17,0,0,0,20,0,0,30,55,0,0,0,74,0,18,11,0,63,0,46,0,0,64,0,36,0,64,0,0,45,0,5,0,0,0,0,0,0,0,0,0,0,0,0,0,0,0,62,0,16,0,0,0,0,85,0,0,0,0,0,0,0,0,0,0,0,0,0,0,0,0,0,0,0,0,0,0,50,28,0,0,0,50,0,0,0,52,5,0,55,0,84,0,0,0,0,0,0,0,30,0,0,24,0,0,0,0,0,0,21,0,25,66,0,0,0,0,35,0,0,0,0,58,0,0,0,0,56,0,0,0,0,0,16,0,0,0,0,34,29,31,0,0,0,0,0
"23",0,0,0,0,0,0,0,0,0,0,0,0,0,0,0,0,0,0,0,0,0,0,0,0,45,0,0,67,0,0,0,0,0,95,0,0,80,89,0,0,0,0,0,0,0,0,0,0,0,0,0,0,52,0,0,77,0,98,0,57,0,0,0,0,0,0,0,0,0,0,0,0,0,69,20,0,0,0,0,0,56,0,0,0,0,0,40,0,96,0,0,91,9,0,0,60,0,69,0,0,0,0,0,0,0,0,0,0,0,0,0,0,0,0,33,0,0,0,0,0,89,0,0,57,0,0,68,0,56,0,0,0,0,32,0,25,0,0,0,45,0,0,0,70,0,0,0,0,0,68,39,0,0,0,0,0,0,0,0,0,80,0,0,0,0,0,46,24,0,0,0,0,0,0,0,0,0,0,0,0,0,0,0,0,91,49,0,22,0,0,0,0,2,92,0,0,0,0,0,0,0,0,0,100,0,0,21,0,0,52,0,0,0,0,48,0,0,0,0,0,0,0,99,0,0,0,0,0,0,0,0,64,0,67,0,0,0,0,99,0,99,0,0,0,0,0,7,0,0,0,0,68,0,0,65,60,36,0,0,0,0,0,0,0,0,0,0,0,0,0,0,94,0,35,0,0,0,0,0,0,20,22,6,0,0,0,0,29,0,47,0,0,57,68,0,0,0,100,28,14
"24",0,0,0,0,0,0,0,0,0,0,0,0,0,0,0,0,0,0,0,0,0,0,0,0,9,0,0,0,0,61,0,69,11,0,0,0,0,0,0,0,0,0,61,0,0,0,0,0,0,0,0,0,0,0,70,0,71,23,0,0,34,0,0,0,59,0,0,0,89,0,69,0,0,40,0,0,0,0,0,0,0,0,0,0,0,92,0,0,0,0,0,0,0,0,0,0,0,0,0,0,0,0,0,0,0,29,0,0,0,0,46,0,0,0,0,0,0,0,84,0,0,0,0,0,0,60,0,16,68,0,71,0,0,0,98,0,0,0,2,76,0,0,0,0,39,23,0,0,0,0,60,0,60,79,0,0,85,55,98,0,0,0,0,0,6,0,0,63,0,0,0,0,0,96,0,0,0,79,70,0,95,84,4,0,0,0,0,19,0,0,0,0,35,0,0,0,0,28,0,0,30,0,0,33,0,0,12,0,0,0,0,0,0,6,0,0,43,0,0,0,6,0,25,0,0,0,0,18,41,0,0,33,70,0,0,0,0,11,0,0,22,0,0,0,0,29,70,0,65,0,0,0,0,45,0,0,0,0,58,0,0,90,30,0,82,68,100,0,0,0,100,0,0,34,0,0,91,37,0,35,21,0,0,0,86,0,0,0,0,0,0,0,78,0,0,0,0,60,0,0
"25",0,0,0,0,0,0,0,0,0,0,0,0,0,0,0,0,0,0,0,0,0,0,0,54,0,0,42,43,0,0,0,0,99,0,0,0,61,0,22,0,0,0,5,0,0,0,17,0,0,0,0,0,76,0,0,0,88,0,0,99,0,0,0,0,0,0,89,18,0,0,24,0,62,0,0,0,0,0,0,0,100,0,58,27,0,0,0,0,43,0,0,68,0,88,99,0,0,88,0,0,0,0,0,0,0,0,0,57,18,0,0,0,0,0,83,41,49,0,51,0,3,0,0,41,0,51,0,0,53,0,96,0,60,0,16,0,65,0,43,23,0,59,0,0,100,0,0,0,32,0,0,0,0,0,0,0,71,30,0,78,1,0,0,40,0,0,0,0,33,0,0,0,0,0,0,0,13,75,0,0,88,0,0,94,32,0,0,0,0,0,0,69,48,0,0,0,0,0,0,5,0,0,37,0,0,0,0,0,0,96,0,0,23,0,0,34,0,0,43,0,0,0,0,0,40,63,0,0,0,50,22,66,100,0,0,0,0,0,0,0,0,0,0,0,0,0,0,23,0,41,0,0,0,0,26,0,0,0,0,0,0,0,0,0,36,38,48,0,0,0,19,0,0,0,0,0,0,0,0,0,0,0,16,0,78,0,0,0,94,0,0,0,0,0,0,0,0,25,0,0
"26",0,0,0,0,0,0,0,0,0,0,0,0,0,0,0,0,0,0,0,0,0,0,0,0,34,42,0,89,0,0,0,0,0,0,0,0,0,0,55,82,3,37,92,0,0,0,0,0,91,45,0,0,0,47,0,0,0,0,0,0,0,0,0,0,0,87,0,67,0,0,17,72,0,0,0,0,57,99,0,0,0,0,0,93,0,0,0,0,0,0,0,0,0,0,0,0,0,0,0,0,0,0,0,0,0,87,25,0,0,0,0,0,0,0,0,0,8,0,93,0,0,0,28,0,0,0,0,0,14,0,0,0,0,0,37,0,0,0,0,0,0,0,0,54,0,0,0,0,0,0,3,0,0,0,30,0,0,0,0,66,0,0,0,0,0,0,0,57,9,0,21,0,63,0,27,23,95,0,0,0,0,0,0,31,0,0,0,0,0,0,0,0,0,0,0,0,0,0,0,0,0,0,0,0,8,0,0,0,0,0,0,0,62,0,0,83,39,0,44,0,0,0,9,0,0,0,0,0,3,63,0,50,0,31,0,0,71,63,47,0,0,0,0,0,0,0,0,0,25,58,0,0,0,0,0,0,0,0,0,64,0,0,0,0,0,0,0,0,98,0,0,0,0,0,70,79,0,0,43,0,0,0,0,54,0,0,0,0,0,0,0,73,0,0,0,0,0,0,0,0
"27",0,0,0,0,0,0,0,0,0,0,0,0,0,0,0,0,0,0,0,0,0,0,0,0,0,0,0,19,0,0,0,8,45,83,0,0,0,0,0,0,0,85,0,0,0,86,0,8,7,0,0,0,0,0,0,0,0,0,1,0,0,0,0,0,0,37,61,75,0,0,0,99,0,0,0,84,0,38,0,0,0,0,0,31,12,0,0,0,0,0,0,0,36,18,0,0,0,0,0,0,0,0,0,19,0,0,0,0,0,8,0,0,100,76,0,0,0,0,0,27,0,14,0,39,0,0,0,0,0,0,0,0,0,0,0,91,0,0,0,0,0,0,0,0,100,61,0,0,0,0,25,48,0,0,41,96,0,87,0,85,91,0,0,0,18,0,0,0,52,0,0,0,0,0,16,0,12,25,38,99,0,83,0,88,0,0,0,0,57,0,0,0,87,0,0,0,45,0,0,0,0,0,0,30,0,0,0,0,16,0,0,0,0,0,0,0,97,0,0,0,0,0,0,0,62,1,0,0,0,0,0,0,0,0,0,0,0,0,31,79,14,0,0,0,0,0,0,0,0,0,0,0,0,48,0,43,0,0,98,0,0,0,84,0,0,0,76,0,0,0,0,0,0,32,0,0,0,0,75,89,0,0,30,0,0,0,0,0,53,63,0,90,66,0,0,0,0,0,0,52
"28",0,0,0,0,0,0,0,0,0,0,0,0,0,0,0,0,0,0,0,0,0,0,0,0,0,0,83,0,0,0,0,0,78,32,14,0,0,0,19,0,0,0,22,0,0,0,0,0,0,0,0,0,0,0,0,0,0,0,0,0,0,0,0,0,0,0,0,0,0,0,4,0,0,0,0,0,0,0,0,0,54,0,0,0,89,0,0,0,0,0,0,0,0,55,0,0,70,0,0,0,0,20,0,0,0,25,0,0,0,0,0,0,0,0,0,0,0,0,0,68,0,53,0,0,49,0,86,64,0,0,36,32,24,0,0,0,16,0,0,97,51,0,0,0,0,0,30,10,13,0,0,0,0,66,0,0,0,0,0,16,25,0,0,0,0,0,0,0,25,91,88,0,0,45,0,13,99,0,0,0,60,71,0,0,0,0,0,0,0,0,0,0,0,0,0,0,0,0,0,0,0,0,57,0,0,0,0,0,96,0,0,0,0,0,0,0,56,0,100,0,0,0,0,0,0,0,0,0,0,0,100,0,0,0,62,0,0,0,0,0,67,0,0,34,94,2,0,0,10,0,0,0,0,0,0,39,0,57,0,26,66,0,84,0,0,26,9,0,0,0,0,0,0,0,7,0,0,0,0,0,0,0,0,0,0,0,0,0,42,0,0,0,84,0,0,0,50,0,0,0
"29",0,0,0,0,0,0,0,0,0,0,0,0,0,0,0,0,0,0,0,0,0,0,0,0,0,0,0,98,0,0,0,59,0,98,0,0,0,0,0,0,0,0,37,0,92,85,0,99,0,0,0,44,0,0,24,0,0,0,0,0,0,0,0,64,41,0,0,11,45,0,52,94,26,0,49,0,0,0,0,0,0,29,0,0,77,0,22,0,0,75,0,4,0,0,0,36,17,0,0,0,0,43,0,0,0,0,0,25,70,0,0,0,0,66,0,0,0,45,0,0,0,0,0,12,0,0,0,0,0,0,0,0,19,0,14,0,0,0,0,65,85,0,0,0,0,0,27,0,37,0,0,0,0,0,0,10,54,0,99,0,0,0,0,0,0,0,0,57,0,0,0,87,0,0,0,0,0,0,0,0,0,0,0,0,0,7,0,0,0,0,0,0,0,0,41,0,0,0,0,0,0,0,6,0,0,0,0,0,47,0,36,14,0,81,0,96,0,11,0,0,0,0,0,71,0,71,0,49,0,0,0,0,0,0,0,0,0,97,0,0,0,0,0,0,93,0,0,0,0,0,0,0,0,0,13,0,96,0,0,0,0,0,61,0,45,16,0,62,46,7,0,0,0,0,0,0,0,0,0,47,94,0,0,0,12,90,0,33,0,0,0,18,95,0,0,48,18,0,0,0
"30",0,0,0,0,0,0,0,0,0,0,0,0,0,0,0,0,0,0,0,0,0,0,0,0,0,0,0,0,0,78,0,0,0,0,0,0,63,23,0,0,0,0,35,0,0,0,0,0,0,0,0,14,0,6,91,61,0,0,85,0,0,0,0,0,0,18,0,8,55,0,0,92,0,48,0,0,55,0,0,84,0,91,65,0,0,0,0,0,0,0,36,0,0,9,0,0,0,0,39,49,0,0,0,23,0,63,0,7,0,0,58,0,40,0,0,0,0,0,0,0,0,0,69,84,0,61,0,25,0,0,0,0,0,0,0,0,0,0,0,98,0,0,0,0,5,33,0,0,0,14,0,0,0,0,0,0,36,0,0,0,0,0,0,0,46,82,0,0,0,0,0,0,0,0,0,45,0,0,0,0,0,0,95,0,64,0,0,0,0,0,0,0,96,16,0,79,0,0,0,0,0,28,0,23,71,0,0,0,0,13,0,29,47,94,0,0,0,0,62,0,0,0,0,0,0,0,91,0,0,0,0,96,0,0,0,0,47,0,0,0,0,0,0,37,0,98,98,60,27,0,0,0,29,0,0,0,30,0,61,0,78,0,0,0,0,0,91,60,0,0,62,0,68,0,0,0,14,0,14,0,42,22,19,0,0,0,0,0,19,0,47,0,0,0,0,0,0,43,0,0
"31",0,0,0,0,0,0,0,0,0,0,0,0,0,0,0,0,0,0,0,0,0,0,0,0,0,0,0,0,0,0,85,0,0,0,0,0,0,0,0,18,0,0,0,77,0,16,0,0,0,0,22,0,0,0,52,0,81,16,0,0,0,0,0,0,55,0,7,0,0,0,44,0,0,0,0,98,0,0,0,0,0,0,65,0,51,0,0,1,0,94,10,64,0,0,0,0,0,0,0,0,0,0,0,6,0,0,0,96,0,22,14,0,57,0,26,0,0,0,0,0,0,0,0,0,52,0,0,0,0,28,33,0,0,0,0,30,0,0,73,0,0,22,0,0,59,0,0,0,0,98,0,0,0,0,0,0,87,1,0,0,0,0,0,68,0,0,0,94,0,0,0,0,0,2,0,0,0,0,0,0,0,0,0,78,0,0,0,0,0,0,0,0,0,0,0,0,87,49,0,11,18,0,0,89,0,0,0,31,0,0,0,0,0,0,0,0,0,74,0,23,0,0,32,0,0,0,0,28,0,0,0,0,79,0,0,56,0,0,0,55,0,78,0,0,55,0,0,5,8,55,0,0,0,65,7,0,25,22,0,11,0,8,0,0,0,0,0,0,0,20,0,0,0,89,0,55,80,0,0,0,0,0,0,0,83,74,0,79,0,59,16,55,0,0,0,77,54,0,60,0
"32",0,0,0,0,0,0,0,0,0,0,0,0,0,0,0,0,0,0,0,0,0,0,0,0,0,0,0,0,0,0,0,91,47,32,0,67,0,0,0,26,0,0,0,97,0,0,0,63,0,67,0,0,0,22,87,0,81,0,45,0,0,0,48,9,0,0,37,0,0,0,0,0,0,0,0,0,0,72,0,0,0,0,6,0,0,38,0,0,0,0,0,0,0,0,0,0,23,0,0,0,19,0,0,85,0,0,0,0,0,0,77,0,0,34,0,0,26,0,59,50,0,0,0,0,0,60,0,0,0,0,77,0,0,0,47,0,0,0,0,0,0,0,0,64,71,0,0,16,0,86,75,0,27,0,0,34,42,0,2,0,0,0,0,27,79,0,0,95,55,0,0,0,0,44,64,0,0,18,0,0,0,0,0,0,0,0,0,0,0,13,0,0,0,0,0,0,0,0,0,14,0,0,100,77,0,0,0,0,81,50,57,0,0,0,0,0,0,0,70,0,0,35,17,0,0,0,0,0,0,0,0,0,0,0,38,32,0,0,0,84,0,0,0,40,0,0,0,0,67,0,95,0,0,0,0,0,0,0,38,0,84,0,80,1,0,93,0,0,0,0,21,0,0,0,0,0,0,30,0,0,0,0,100,0,0,72,0,0,0,88,0,31,0,1,0,0,0,0,0,98
"33",0,0,0,0,0,0,0,0,0,0,0,0,0,0,0,0,0,0,0,0,0,0,0,0,0,0,0,0,0,0,0,0,62,0,0,0,49,0,0,0,79,0,0,0,0,14,0,63,0,0,69,0,0,0,0,0,0,0,0,0,0,0,0,0,0,0,0,0,0,0,0,0,68,0,69,8,0,0,40,0,0,0,0,89,82,46,93,91,0,65,0,0,0,0,0,0,0,0,0,0,38,0,0,0,0,3,0,0,0,19,10,0,97,92,0,87,0,56,0,0,0,0,88,0,0,56,0,0,0,0,0,38,65,0,0,0,47,91,0,0,0,0,0,0,0,0,2,6,0,0,0,0,0,0,69,85,0,0,0,0,0,0,45,0,0,0,83,0,0,0,0,0,0,0,0,0,28,0,0,0,0,0,12,7,0,0,15,0,28,0,0,0,33,9,0,0,0,0,0,13,0,62,86,0,0,0,0,0,0,0,58,54,0,0,0,0,0,0,0,63,0,58,5,0,0,0,0,0,0,0,0,72,0,0,0,0,0,0,0,0,46,0,0,32,0,77,0,0,24,85,0,0,0,0,0,0,0,0,0,0,0,0,0,0,0,0,0,0,24,0,0,0,0,20,11,0,0,0,0,0,0,0,84,0,0,0,39,42,0,42,0,0,0,4,0,0,0,0,41,0
"34",0,0,0,0,0,0,0,0,0,0,0,0,0,0,0,0,0,0,0,0,0,0,0,0,0,0,0,0,0,0,0,0,0,64,0,0,0,0,0,18,0,55,20,0,0,0,0,0,45,0,0,0,0,0,0,0,0,0,0,52,0,0,38,0,68,15,0,0,0,0,0,0,62,0,0,0,0,29,0,0,0,0,3,0,0,39,71,0,0,0,0,30,0,87,0,0,0,0,0,0,72,58,74,0,40,45,0,74,0,0,56,76,0,0,0,0,0,0,43,0,0,0,0,0,0,55,0,95,0,0,0,0,0,0,92,15,0,0,0,0,0,39,0,52,1,40,0,0,75,67,9,38,77,62,0,0,0,0,0,0,79,0,46,0,0,26,0,27,0,0,4,41,0,0,0,0,0,37,0,0,0,0,0,29,0,97,0,0,89,0,0,0,36,0,0,27,0,84,0,0,0,0,0,0,55,92,0,0,0,0,0,70,8,0,0,53,0,0,0,0,32,73,0,0,0,0,0,0,0,0,0,98,48,0,0,43,0,0,0,0,0,0,0,0,0,0,40,51,0,0,0,8,0,0,0,0,64,0,0,0,6,0,0,80,0,36,0,0,0,0,9,0,0,0,0,18,67,45,0,0,0,0,0,43,0,0,0,0,0,0,0,0,7,0,0,100,0,0,0,0
"35",0,0,0,0,0,0,0,0,0,0,0,0,0,0,0,0,0,0,0,0,0,0,0,0,0,0,0,0,0,0,0,0,0,0,6,96,99,0,0,0,0,0,0,0,0,0,58,30,0,0,26,95,14,0,0,0,22,0,63,0,0,0,74,0,0,0,0,0,0,72,0,31,67,80,6,0,92,76,0,0,12,0,0,0,0,0,48,21,0,27,54,60,0,0,0,6,0,59,0,0,0,0,27,0,40,71,0,0,0,0,0,31,0,0,0,0,0,0,0,0,0,0,0,8,0,27,0,0,0,0,0,0,0,0,0,48,62,0,65,0,0,0,0,0,0,0,83,0,20,0,0,0,0,0,0,0,0,0,97,0,14,32,0,0,0,60,0,0,0,0,0,0,17,0,29,0,0,0,0,0,75,0,0,0,0,0,0,0,0,0,46,0,0,0,0,0,16,80,0,68,0,76,0,2,0,0,0,67,73,0,58,0,0,0,0,0,72,67,0,0,0,74,0,0,0,0,0,0,0,72,99,0,46,0,0,0,0,0,38,0,93,0,0,9,0,0,51,0,0,25,0,0,0,74,38,0,0,0,0,0,1,65,0,0,0,0,27,78,0,85,0,0,0,0,0,87,24,0,0,0,0,0,0,0,0,0,0,17,0,0,0,0,23,0,0,0,0,0,0,0
"36",0,0,0,0,0,0,0,0,0,0,0,0,0,0,0,0,0,0,0,0,0,0,0,0,0,0,0,0,0,0,0,0,0,0,22,0,0,0,0,0,0,0,81,15,0,4,0,38,95,0,0,0,0,0,0,0,0,0,59,0,0,0,0,0,13,0,0,0,0,52,0,0,0,0,0,20,0,74,0,0,0,14,0,0,0,96,0,0,0,45,0,0,0,18,0,0,0,0,0,0,0,8,0,0,81,0,0,96,56,0,0,70,0,0,0,0,0,0,0,0,0,0,0,0,0,0,0,0,61,0,0,0,0,0,0,0,0,0,0,0,92,0,0,0,0,0,17,0,53,0,0,0,0,0,63,21,0,0,0,0,0,0,0,0,0,0,36,0,80,0,67,0,0,82,92,83,0,10,13,19,0,7,0,0,0,0,0,0,0,19,0,0,0,0,0,0,57,35,28,57,0,0,0,0,0,0,0,3,62,60,0,0,1,0,0,0,0,0,69,0,0,32,0,0,0,28,38,0,0,0,0,0,0,29,0,56,80,0,0,0,0,0,0,0,71,63,88,0,82,0,4,52,0,0,86,0,0,0,0,55,94,0,0,0,0,0,0,30,7,71,0,0,48,0,0,0,0,0,0,0,0,0,0,47,36,52,50,0,0,12,96,0,0,0,75,0,0,27,0,0
"37",0,0,0,0,0,0,0,0,0,0,0,0,0,0,0,0,0,0,0,0,0,0,0,0,0,0,0,0,0,0,0,0,0,0,0,0,0,0,0,0,0,0,16,0,96,66,97,0,0,0,0,0,0,0,0,23,0,0,0,0,0,45,46,0,62,46,0,0,20,0,0,0,0,0,0,17,0,0,0,0,0,0,0,0,0,0,0,14,0,0,33,0,0,1,0,0,0,71,0,0,12,0,0,0,0,0,0,0,0,68,0,94,0,0,0,18,0,0,0,2,0,3,0,0,0,10,0,94,0,0,25,7,0,0,0,30,50,72,0,57,0,88,0,0,0,0,0,0,0,0,0,0,0,0,0,0,63,0,0,0,0,0,0,0,0,0,0,0,0,81,0,43,0,0,0,0,0,0,0,0,0,0,0,0,0,59,0,0,0,0,0,0,0,0,0,0,0,0,0,0,0,13,0,52,0,8,49,0,0,0,0,0,0,0,0,0,90,0,0,0,0,0,0,0,0,0,48,0,0,0,89,0,0,0,0,0,0,0,0,0,0,0,0,10,55,0,0,0,64,0,0,0,0,6,0,0,0,0,0,61,0,29,0,0,0,17,0,0,0,0,88,0,0,0,0,0,37,12,21,0,0,0,0,0,92,0,0,38,0,33,0,0,0,0,0,0,0,0,0,51
"38",0,0,0,0,0,0,0,0,0,0,0,0,0,0,0,0,0,0,0,0,0,0,0,0,0,0,0,0,0,0,0,0,0,0,0,0,90,0,0,0,0,76,0,0,0,0,67,0,0,0,0,0,14,0,0,0,65,0,0,26,87,0,0,44,0,0,6,0,0,2,0,0,0,12,0,0,0,0,0,0,0,0,0,67,0,0,0,0,0,0,0,100,0,0,0,21,0,0,0,68,13,0,58,0,0,0,0,12,0,0,25,0,89,0,2,0,0,0,0,0,0,0,76,0,0,0,0,0,45,0,0,0,0,0,0,0,0,0,54,94,52,57,0,0,52,0,61,0,0,0,8,45,0,0,0,0,0,0,0,0,0,50,0,0,0,0,66,0,99,0,0,68,0,0,93,0,77,52,1,0,0,0,0,0,5,32,0,0,0,97,89,0,0,23,0,25,84,0,0,0,87,0,24,0,0,45,0,0,0,0,0,0,0,100,0,29,0,0,0,16,0,0,8,0,27,0,0,0,0,0,0,0,100,49,0,0,0,73,0,0,0,0,67,0,0,97,9,0,0,0,0,0,0,0,22,0,0,0,73,0,0,0,31,0,0,0,0,0,0,7,0,20,56,4,0,0,0,0,83,0,27,88,0,0,0,0,0,0,0,5,0,0,94,0,78,64,0,0,0,52
"39",0,0,0,0,0,0,0,0,0,0,0,0,0,0,0,0,0,0,0,0,0,0,0,0,0,0,0,0,0,0,0,0,0,0,0,0,0,0,0,0,51,0,0,0,0,59,0,0,0,0,0,0,1,0,0,0,72,0,59,0,21,29,49,0,0,0,0,89,0,0,0,0,0,14,0,0,7,0,0,63,0,0,92,56,0,36,0,0,0,0,0,59,0,0,0,0,0,0,94,80,0,0,0,0,0,0,0,25,0,0,84,55,0,51,0,44,0,0,0,0,0,0,98,54,0,0,0,0,0,0,0,0,0,0,0,0,0,0,27,87,0,0,0,0,0,0,0,0,0,0,0,0,0,27,0,0,0,0,0,0,0,0,0,0,62,0,0,0,70,0,0,0,0,0,65,0,0,0,0,82,0,0,0,0,0,0,26,0,27,71,0,0,0,0,0,21,0,0,34,0,82,89,0,0,0,0,0,46,0,0,0,0,0,89,0,0,95,83,0,0,0,79,0,76,54,0,0,0,0,61,0,17,0,0,0,0,0,44,0,39,0,0,93,0,0,0,0,0,0,0,0,0,0,1,0,12,0,0,0,0,0,0,95,0,0,0,0,0,0,0,76,0,0,45,0,0,0,0,0,0,0,98,37,0,0,0,0,0,0,33,0,0,0,0,83,0,0,0,0,0
"40",0,0,0,0,0,0,0,0,0,0,0,0,0,0,0,0,0,0,0,0,0,0,0,0,0,0,0,0,0,0,0,0,0,0,0,0,0,0,0,0,0,0,0,0,0,0,0,94,46,21,0,61,0,0,0,0,0,0,0,0,100,0,0,0,43,75,0,0,0,16,0,0,0,0,29,0,0,0,0,0,0,0,0,0,0,0,0,0,22,0,53,0,0,0,35,0,0,0,0,83,0,0,0,0,0,0,0,60,0,24,0,98,33,0,31,0,0,0,0,0,0,0,86,0,0,0,0,0,0,0,41,80,7,0,0,0,92,0,0,0,0,0,0,33,0,0,85,0,0,0,24,0,0,0,0,80,0,0,82,38,60,0,0,16,0,30,62,0,0,0,29,0,0,80,0,0,0,14,0,69,0,0,0,97,38,0,0,0,0,32,0,0,0,0,0,0,0,68,16,9,0,0,0,84,0,42,0,24,0,0,0,0,0,0,0,0,0,100,0,0,0,36,0,80,0,0,0,29,0,98,9,53,5,0,87,0,53,0,0,0,0,0,0,0,0,0,0,37,0,86,0,41,0,32,20,28,0,0,0,0,0,0,0,0,0,19,0,0,0,60,0,0,0,0,0,0,0,93,0,3,0,0,0,0,0,22,0,0,0,0,0,20,35,0,0,0,0,0,0,0
"41",0,0,0,0,0,0,0,0,0,0,0,0,0,0,0,0,0,0,0,0,0,0,0,0,0,0,0,0,0,0,0,0,0,0,0,0,0,0,0,0,0,0,0,0,0,92,0,3,50,0,0,12,0,0,0,0,0,0,52,13,0,0,0,0,0,88,0,0,0,0,86,37,0,0,39,0,0,73,0,0,44,0,84,0,0,88,0,0,0,0,0,0,96,5,0,11,69,0,0,0,0,0,0,0,0,73,0,0,12,0,87,0,0,0,0,0,0,78,88,5,45,0,0,18,34,0,0,0,0,0,64,0,0,0,0,91,56,0,0,0,55,0,0,0,46,0,0,0,0,0,0,88,0,4,47,0,14,0,11,0,72,9,0,30,0,0,0,0,0,0,0,0,0,0,0,0,0,0,5,22,0,32,0,0,0,0,0,0,0,46,0,0,0,0,0,0,57,99,0,0,0,16,0,0,0,0,0,0,0,0,0,0,0,0,0,0,6,0,69,0,3,0,67,0,53,0,0,0,57,17,87,0,35,0,93,37,0,0,0,0,0,0,0,49,0,0,97,0,0,0,0,0,0,0,69,0,0,0,0,0,0,0,0,0,0,9,0,0,0,0,42,29,100,0,0,0,0,0,63,0,13,0,0,0,53,0,0,80,0,23,0,21,0,0,0,0,0,0,92,57
"42",0,0,0,0,0,0,0,0,0,0,0,0,0,0,0,0,0,0,0,0,0,0,0,0,0,0,0,0,0,0,0,0,0,0,0,0,0,0,0,0,0,41,95,0,0,0,0,0,0,0,0,0,0,0,0,29,42,0,0,30,0,0,58,76,0,100,0,0,0,0,0,34,0,20,0,74,0,41,0,0,0,0,100,37,61,0,45,0,0,0,0,0,0,88,0,0,0,91,0,61,41,0,0,0,42,0,84,0,0,0,95,0,0,39,0,16,0,0,0,0,0,96,27,56,10,0,0,86,0,0,0,0,0,0,0,0,0,0,2,58,0,0,0,0,55,0,94,0,0,0,0,0,0,0,0,0,54,0,0,0,0,0,0,0,0,0,0,1,0,0,0,0,0,0,0,0,92,46,13,0,10,0,0,0,0,0,0,0,59,0,0,0,0,8,0,77,0,0,0,0,0,1,0,56,0,0,0,98,0,0,0,0,0,0,0,0,71,0,0,0,0,0,0,0,0,0,0,0,0,0,0,0,0,0,0,0,0,0,0,29,0,0,0,0,45,0,0,0,38,0,0,24,0,0,20,0,0,0,94,0,0,98,0,65,42,0,0,43,0,0,0,29,0,0,0,0,0,0,0,34,0,98,0,47,0,0,0,0,0,0,0,0,59,0,66,0,0,0,0,80
"43",0,0,0,0,0,0,0,0,0,0,0,0,0,0,0,0,0,0,0,0,0,0,0,0,0,0,0,0,0,0,0,0,0,0,0,0,0,0,0,0,0,0,0,0,53,0,0,0,37,86,96,0,0,92,0,35,0,3,0,0,0,0,17,0,0,48,100,0,0,36,0,26,0,38,0,0,0,72,61,0,0,0,46,0,0,0,0,0,0,58,0,49,0,0,0,0,0,11,0,0,2,0,0,87,0,0,3,0,0,0,0,0,0,0,0,0,88,0,0,0,0,0,0,0,31,96,0,11,0,0,0,0,0,23,0,0,13,0,0,0,0,0,0,0,0,0,0,6,0,0,0,21,0,92,0,0,30,0,83,0,0,43,0,0,0,0,0,0,0,0,87,0,0,0,86,71,0,0,0,0,0,0,0,54,1,0,0,0,0,63,0,0,0,0,0,0,0,28,0,0,0,0,0,0,0,0,60,0,0,0,0,44,0,0,91,13,0,0,0,0,0,0,67,0,11,0,0,0,40,0,0,0,0,5,0,41,65,0,0,0,0,0,0,0,93,18,0,0,26,39,0,0,0,45,73,0,99,7,0,96,0,0,0,100,96,0,0,0,0,53,0,0,0,0,0,0,41,0,0,0,0,89,43,13,0,0,80,0,0,76,73,75,57,0,0,0,0,0,0,0
"44",0,0,0,0,0,0,0,0,0,0,0,0,0,0,0,0,0,0,0,0,0,0,0,0,0,0,0,0,0,0,0,0,0,0,0,0,0,0,0,0,0,0,66,0,0,0,63,0,74,0,0,0,0,56,92,0,0,0,50,0,0,0,0,0,0,0,0,92,21,42,0,0,0,0,0,0,0,0,0,0,96,0,0,0,0,77,0,43,0,88,0,0,0,0,0,0,0,0,0,0,0,0,0,0,0,0,0,0,0,34,0,93,0,0,0,36,0,0,0,0,0,99,0,0,0,0,0,0,0,61,0,0,0,0,20,75,0,0,0,0,0,0,28,61,0,0,0,69,0,2,0,0,0,0,0,73,62,66,0,0,52,0,0,0,0,51,0,50,48,29,73,0,53,82,0,0,0,0,0,0,13,66,0,0,0,0,0,60,0,0,8,0,0,0,0,0,0,0,0,0,0,6,0,15,49,26,100,0,0,59,0,0,0,0,0,0,0,0,83,0,50,45,0,0,0,79,28,0,0,0,0,0,0,38,0,0,17,0,13,0,92,0,0,62,0,0,0,0,0,0,0,0,98,0,60,84,45,0,0,45,20,79,0,0,0,0,4,0,54,0,0,0,0,0,0,0,38,0,0,0,0,0,0,89,0,0,31,0,0,36,0,34,0,0,4,98,28,0,0,0
"45",0,0,0,0,0,0,0,0,0,0,0,0,0,0,0,0,0,0,0,0,0,0,0,0,0,0,0,0,0,0,0,0,0,0,0,0,0,0,0,0,0,0,0,0,28,7,0,0,0,0,42,0,0,77,0,26,0,41,0,0,3,0,0,0,0,0,22,0,0,0,0,95,0,0,0,0,0,0,0,0,0,0,0,27,0,0,0,0,23,0,0,0,0,54,0,18,0,0,0,0,91,0,0,27,0,2,77,0,58,0,0,0,0,0,0,51,0,0,0,0,0,0,0,28,0,0,82,0,0,14,47,0,0,90,0,0,0,80,0,0,27,87,26,0,0,39,0,0,0,0,0,0,0,0,0,0,0,0,0,0,0,0,0,51,58,88,0,48,36,0,0,2,0,0,0,77,0,0,0,0,0,0,98,0,0,0,53,50,0,15,49,0,0,0,0,0,3,0,0,0,0,0,0,24,0,8,0,0,0,0,0,13,96,0,0,0,72,0,39,40,0,0,75,53,0,0,0,0,0,0,0,0,0,7,0,13,26,83,0,0,77,0,0,0,0,0,0,69,0,0,0,0,58,0,0,0,0,0,0,0,0,0,0,0,0,0,0,82,0,15,0,0,0,0,80,0,0,82,0,0,0,0,0,54,36,53,0,0,0,33,63,0,0,0,0,0,0,0,0,0
"46",0,0,0,0,0,0,0,0,0,0,0,0,0,0,0,0,0,0,0,0,0,0,0,0,0,0,0,0,0,0,0,0,0,0,0,0,0,0,0,0,0,0,0,0,0,0,0,30,0,0,69,70,0,0,0,0,0,0,0,18,0,61,0,0,0,0,0,29,3,19,45,0,0,39,0,0,61,0,0,36,3,10,0,0,0,43,0,0,0,54,48,0,28,50,0,99,0,0,59,0,0,75,0,0,0,0,31,0,0,0,0,0,0,0,0,0,0,0,0,0,0,0,0,0,0,0,0,0,0,0,93,0,0,0,0,0,0,0,0,0,0,91,16,0,9,0,0,94,0,0,0,13,84,0,0,0,0,0,0,97,0,0,0,0,0,0,0,0,95,0,0,0,0,0,93,82,0,0,0,0,33,0,0,0,0,0,0,0,0,11,0,0,0,0,0,0,84,0,38,0,0,0,0,11,0,0,0,32,0,0,24,52,0,0,38,61,0,0,0,0,0,0,0,0,0,3,0,0,39,0,0,0,0,35,5,0,0,0,1,0,0,0,11,0,0,0,17,36,0,0,0,83,0,0,0,0,0,0,0,0,0,0,0,0,0,0,0,58,17,36,0,80,0,0,0,0,0,89,4,72,26,0,0,0,0,0,0,73,0,34,85,0,20,83,0,0,0,0,0,0
"47",0,0,0,0,0,0,0,0,0,0,0,0,0,0,0,0,0,0,0,0,0,0,0,0,0,0,0,0,0,0,0,0,0,0,0,0,0,0,0,0,0,0,0,0,0,0,0,0,0,0,50,0,0,0,86,0,1,0,0,0,0,0,0,0,0,67,0,0,0,0,0,86,73,0,0,0,0,0,0,31,0,100,0,0,0,0,0,0,32,0,0,0,0,0,0,0,0,0,0,63,0,63,0,0,0,0,0,0,0,56,0,0,0,0,0,0,0,0,79,0,35,0,0,0,0,0,1,57,39,10,34,85,99,0,0,0,0,0,0,77,54,0,26,0,0,0,0,0,0,0,0,0,0,30,88,0,0,72,0,0,0,11,0,62,0,0,0,18,0,0,0,0,43,0,0,63,0,0,0,0,37,0,0,0,0,0,0,0,0,0,0,0,0,0,65,0,0,0,0,93,0,39,0,0,0,0,0,0,72,0,0,0,0,0,0,0,0,0,92,0,0,0,0,69,0,0,0,0,0,0,98,55,0,0,2,75,0,0,0,0,82,0,0,67,23,66,0,31,0,0,0,0,25,73,0,0,0,0,0,0,47,18,79,0,0,0,0,0,2,0,0,38,0,0,0,0,0,45,0,52,0,0,0,0,0,0,0,0,0,0,0,0,0,55,0,0,84,79,0,0
"48",0,0,0,0,0,0,0,0,0,0,0,0,0,0,0,0,0,0,0,0,0,0,0,0,0,0,0,0,0,0,0,0,0,0,0,0,0,0,0,0,0,0,0,0,0,0,9,0,69,45,0,13,0,49,0,0,0,37,0,72,0,0,3,0,0,0,0,0,77,0,0,96,0,0,62,76,0,68,0,28,70,13,41,0,75,0,75,0,0,0,0,0,93,0,0,46,99,85,0,61,9,0,0,0,67,0,0,0,0,0,0,0,0,87,0,61,0,0,0,0,0,0,0,58,24,0,0,0,4,0,91,0,88,0,0,50,0,0,6,20,0,52,0,0,0,25,20,0,0,0,0,0,0,0,56,68,0,0,0,0,0,0,72,0,0,0,0,56,0,0,100,0,56,0,0,0,86,0,0,51,0,0,41,0,91,0,0,0,99,0,0,37,56,16,0,15,0,0,0,0,0,0,0,0,61,0,2,0,0,0,47,13,0,0,0,0,0,0,7,0,0,0,0,0,0,63,78,0,35,95,78,0,0,0,0,0,0,0,0,0,0,44,0,63,0,74,0,0,29,0,0,0,0,53,0,0,0,0,0,71,0,0,0,0,0,0,0,0,0,0,0,0,57,0,0,0,0,20,0,80,0,0,0,0,0,0,0,0,0,0,0,0,46,0,10,0,0,0,27,75
"49",0,0,0,0,0,0,0,0,0,0,0,0,0,0,0,0,0,0,0,0,0,0,0,0,0,0,0,0,0,0,0,0,0,0,0,0,0,0,0,0,0,0,0,0,0,0,0,0,0,0,0,21,0,0,0,0,0,0,35,0,0,74,0,53,38,0,0,38,0,0,0,0,0,0,0,83,0,0,0,0,41,73,24,0,0,0,0,10,0,21,8,0,0,0,0,0,0,65,0,47,0,67,0,0,0,0,0,0,0,0,70,0,0,0,0,0,83,0,81,25,0,0,80,0,0,22,0,0,0,0,0,26,0,88,0,0,0,0,0,0,0,19,37,0,38,0,0,0,58,0,0,0,0,0,59,0,0,0,31,0,49,86,0,45,0,0,0,0,0,0,0,0,17,0,11,38,0,11,0,0,0,72,0,8,0,0,0,71,0,0,0,42,0,0,0,0,0,0,0,19,0,0,71,0,0,62,0,0,30,0,0,0,71,0,0,0,0,0,66,0,0,0,0,0,0,40,0,1,0,0,0,0,0,0,0,0,23,33,8,0,0,0,0,0,0,0,0,0,0,0,0,0,0,0,59,72,83,0,59,0,0,38,96,0,0,0,0,0,0,0,0,30,0,60,0,18,56,37,0,0,0,0,0,0,0,92,16,0,0,0,0,0,62,0,0,0,0,0,0,0
"50",0,0,0,0,0,0,0,0,0,0,0,0,0,0,0,0,0,0,0,0,0,0,0,0,0,0,0,0,0,0,0,0,0,0,0,0,0,0,0,0,0,0,0,0,0,0,0,0,0,60,0,0,0,0,0,0,0,0,0,60,0,0,0,75,0,0,0,0,0,0,0,0,0,97,88,0,0,39,0,0,0,0,27,0,0,12,0,0,0,0,0,2,0,0,0,0,0,67,31,59,8,92,0,0,8,0,0,0,19,75,0,0,0,0,0,84,72,0,0,0,97,0,0,0,0,0,0,0,0,35,0,0,98,64,87,0,0,0,0,0,0,0,54,0,0,0,0,0,36,0,0,0,0,0,0,0,0,0,0,0,0,0,40,0,0,0,0,42,0,10,0,0,96,59,70,0,55,0,0,0,0,0,0,0,91,0,0,0,97,0,0,0,0,0,61,0,0,0,0,80,0,0,0,0,0,0,10,72,0,0,97,0,37,0,0,95,0,0,0,0,0,52,0,0,0,25,0,0,17,0,0,0,92,0,0,0,0,0,0,0,0,87,0,0,0,12,0,72,0,0,42,71,51,0,0,0,0,0,88,0,0,0,0,0,0,0,0,0,15,0,0,0,0,18,0,0,26,37,0,0,75,0,0,7,0,0,0,79,0,0,0,65,0,0,0,0,0,0,0,0
"51",0,0,0,0,0,0,0,0,0,0,0,0,0,0,0,0,0,0,0,0,0,0,0,0,0,0,0,0,0,0,0,0,0,0,0,0,0,0,0,0,0,0,0,0,0,0,0,0,0,0,0,0,38,0,0,71,90,0,0,0,0,0,0,0,0,28,9,0,0,0,0,0,3,0,98,0,0,18,74,63,0,0,0,52,0,0,0,0,0,0,26,26,0,0,0,0,39,0,0,0,0,36,0,0,0,0,54,0,68,75,0,31,0,0,0,0,0,79,0,0,0,30,0,0,72,0,0,0,0,0,0,0,27,0,38,0,0,0,0,0,8,64,0,0,53,0,10,0,0,0,46,0,0,0,0,0,0,0,30,0,0,0,69,0,0,0,17,0,38,0,0,0,0,6,0,0,0,0,0,7,0,0,0,0,41,0,0,71,0,0,0,37,0,0,0,0,0,0,74,0,0,61,0,66,0,0,27,0,0,80,0,0,0,0,19,0,0,21,0,0,49,86,0,69,0,37,25,0,0,0,68,0,0,0,0,0,0,0,0,0,80,0,0,0,0,0,100,0,0,0,83,0,0,0,23,0,0,0,0,0,16,28,0,0,0,0,0,0,0,0,0,0,0,0,0,0,49,0,4,0,56,0,0,0,0,0,0,0,0,0,79,0,0,0,0,0,0,0,42,0
"52",0,0,0,0,0,0,0,0,0,0,0,0,0,0,0,0,0,0,0,0,0,0,0,0,0,0,0,0,0,0,0,0,0,0,0,0,0,0,0,0,0,0,0,0,0,0,0,0,0,0,0,33,30,0,0,0,25,0,0,0,0,0,0,0,0,0,0,0,0,73,0,28,99,9,0,4,0,79,0,55,0,0,8,0,0,0,0,0,0,2,54,67,0,0,0,0,0,0,0,0,0,0,0,0,0,0,0,0,0,19,72,0,56,0,93,0,0,0,0,0,0,0,0,0,0,0,1,0,67,0,0,0,0,100,0,0,0,0,91,76,0,0,0,0,0,18,0,0,96,1,0,0,19,0,98,43,0,0,81,0,0,0,0,0,74,0,7,0,0,23,0,0,0,73,0,0,0,0,0,0,85,0,0,100,0,0,0,0,0,0,0,0,0,0,0,0,0,40,0,0,0,0,0,0,0,0,0,0,0,98,0,16,0,0,86,0,0,0,75,46,0,75,32,0,0,8,0,0,0,0,0,0,61,0,0,22,0,67,0,0,0,41,0,0,10,85,0,0,0,0,37,64,0,0,78,19,85,0,87,0,95,26,70,27,0,76,0,0,0,48,0,0,0,0,0,0,69,0,0,0,0,0,0,73,30,0,0,0,61,0,0,0,0,0,0,0,0,0,76,0
"53",0,0,0,0,0,0,0,0,0,0,0,0,0,0,0,0,0,0,0,0,0,0,0,0,0,0,0,0,0,0,0,0,0,0,0,0,0,0,0,0,0,0,0,0,0,0,0,0,0,0,0,32,0,77,0,0,0,0,0,0,0,0,0,0,0,0,0,0,0,0,0,78,46,85,0,0,40,0,0,85,0,49,0,0,16,0,46,0,0,84,0,0,81,0,0,0,0,0,0,28,55,58,0,0,0,0,82,0,0,18,0,0,99,0,0,0,33,0,0,0,0,0,0,17,0,0,33,19,61,0,28,0,0,0,0,12,0,0,0,65,0,0,0,0,85,34,0,3,0,35,0,0,0,92,0,0,0,0,43,0,0,0,0,0,0,0,0,85,0,0,0,19,0,19,0,0,0,0,0,0,14,0,0,0,83,0,61,0,0,63,0,0,0,0,0,23,77,100,0,0,34,0,0,0,2,0,0,0,0,54,0,0,0,0,0,0,0,0,0,73,0,0,34,0,0,0,0,64,0,45,0,0,94,96,0,0,0,0,0,0,22,35,0,0,40,0,0,97,0,0,46,57,0,0,0,0,67,79,0,0,0,0,99,0,0,0,66,0,54,86,40,0,0,0,0,0,0,0,0,0,15,0,0,0,0,0,0,0,0,96,0,0,0,0,51,0,11,79,0,43
"54",0,0,0,0,0,0,0,0,0,0,0,0,0,0,0,0,0,0,0,0,0,0,0,0,0,0,0,0,0,0,0,0,0,0,0,0,0,0,0,0,0,0,0,0,0,0,0,0,0,0,0,0,0,0,75,0,1,0,0,0,70,4,0,0,0,0,0,75,0,0,0,0,0,31,0,0,0,0,0,0,0,0,0,0,14,0,48,0,32,0,0,27,0,0,0,0,0,100,9,0,0,92,0,0,0,0,0,0,0,0,0,39,0,96,54,0,0,0,0,0,0,0,0,0,0,0,0,0,0,0,0,0,0,0,0,19,65,0,0,0,0,0,44,89,0,0,0,0,0,0,0,0,0,0,0,0,0,0,0,0,90,91,0,0,0,41,0,0,0,29,0,0,0,0,0,0,64,18,0,0,10,13,0,36,0,0,0,0,99,0,66,0,0,0,0,0,0,22,0,100,94,0,0,0,0,0,24,24,0,0,0,0,0,0,0,0,0,0,0,0,0,54,0,0,24,0,90,0,0,0,0,0,95,0,69,0,73,0,36,0,0,0,0,0,0,0,0,0,59,0,0,0,0,0,0,0,0,83,6,0,90,0,7,3,82,0,97,0,0,0,0,0,0,0,0,0,42,0,0,0,9,0,0,0,0,0,85,22,0,0,0,0,40,0,0,0,0,0,54,22
"55",0,0,0,0,0,0,0,0,0,0,0,0,0,0,0,0,0,0,0,0,0,0,0,0,0,0,0,0,0,0,0,0,0,0,0,0,0,0,0,0,0,0,0,0,0,0,0,0,0,0,0,0,0,0,0,0,76,0,0,0,88,77,0,0,76,0,0,0,53,43,0,0,26,79,0,0,0,0,0,0,0,0,0,0,0,0,45,0,0,0,0,0,0,96,0,0,0,0,0,0,0,95,0,38,0,0,0,82,0,0,0,51,0,0,0,0,16,70,0,62,0,0,40,0,0,18,89,0,0,0,0,0,0,0,48,0,9,32,16,0,0,0,65,0,46,7,99,0,8,0,0,0,0,3,27,61,31,36,0,0,0,0,63,0,0,0,24,37,10,0,0,55,0,94,0,0,0,0,0,0,0,0,89,0,69,0,0,65,0,0,59,0,0,0,0,0,0,0,0,25,0,1,0,0,39,0,68,0,39,0,0,0,0,0,0,0,0,0,50,0,0,16,0,84,0,0,0,0,0,0,51,0,0,0,49,0,0,0,0,0,0,9,0,0,0,7,0,0,0,0,0,0,0,0,0,0,0,0,0,0,0,37,24,0,0,0,45,4,0,0,0,20,0,0,0,0,92,0,0,0,0,0,0,14,95,0,0,8,1,0,0,0,98,0,0,0,0,0,0,0
"56",0,0,0,0,0,0,0,0,0,0,0,0,0,0,0,0,0,0,0,0,0,0,0,0,0,0,0,0,0,0,0,0,0,0,0,0,0,0,0,0,0,0,0,0,0,0,0,0,0,0,0,0,0,0,0,0,27,0,0,0,0,0,0,58,0,0,0,0,39,0,0,0,0,38,0,0,0,0,0,97,0,51,0,0,0,66,89,0,0,0,0,0,81,0,0,41,22,0,0,0,0,0,0,13,0,0,0,0,0,71,59,0,0,37,0,0,0,0,0,48,0,0,0,0,0,0,0,0,53,14,4,0,10,0,0,0,0,0,0,0,0,33,0,0,0,0,0,90,0,0,0,0,0,0,0,0,0,0,0,0,26,0,56,55,35,0,0,53,0,0,79,0,0,0,0,26,0,0,0,49,0,0,43,0,0,33,0,0,54,2,20,0,0,25,0,0,0,0,0,0,0,0,83,0,0,0,0,44,0,0,0,0,0,0,26,47,58,60,0,0,0,0,0,32,0,0,0,0,6,0,23,0,0,0,0,0,0,69,0,0,0,0,0,47,17,0,0,10,0,50,0,0,0,0,0,0,0,0,0,0,60,56,30,0,0,0,0,0,0,0,94,0,0,7,54,0,0,80,11,0,0,0,33,20,0,0,0,55,0,0,0,0,3,0,0,94,0,0,0,45
"57",0,0,0,0,0,0,0,0,0,0,0,0,0,0,0,0,0,0,0,0,0,0,0,0,0,0,0,0,0,0,0,0,0,0,0,0,0,0,0,0,0,0,0,0,0,0,0,0,0,0,0,0,0,0,0,14,0,0,0,0,0,84,13,0,0,0,0,0,98,0,0,0,0,0,0,0,0,0,0,0,37,0,0,0,0,65,0,0,0,0,72,0,0,0,0,0,0,0,0,0,76,0,0,0,0,0,0,0,0,26,70,0,0,0,0,0,0,0,0,0,0,22,0,0,6,0,0,0,0,0,0,0,30,0,100,8,3,0,0,0,0,5,0,7,24,0,0,0,0,0,0,0,9,0,67,0,13,0,0,73,0,0,0,0,0,0,0,0,0,0,0,0,0,1,0,4,0,0,0,0,0,84,82,0,0,0,0,81,0,0,0,0,33,0,0,0,5,0,0,0,0,0,0,0,0,0,0,0,0,0,0,0,0,0,0,0,0,0,0,0,0,15,76,0,0,98,0,0,0,0,0,0,21,42,0,0,0,33,9,0,0,0,0,0,0,0,0,3,46,2,0,0,0,0,0,0,0,0,0,0,32,0,0,0,0,0,97,0,89,100,0,0,0,0,0,0,0,0,0,61,83,0,0,0,0,46,67,0,0,23,0,0,0,15,0,0,0,39,0,0
"58",0,0,0,0,0,0,0,0,0,0,0,0,0,0,0,0,0,0,0,0,0,0,0,0,0,0,0,0,0,0,0,0,0,0,0,0,0,0,0,0,0,0,0,0,0,0,0,0,0,0,0,0,0,0,0,0,0,0,0,0,0,0,0,0,0,38,0,0,88,0,56,0,33,0,17,0,34,30,0,0,0,0,0,0,12,0,0,0,0,0,0,97,70,92,67,0,88,12,28,0,95,0,0,21,35,0,0,0,32,0,0,0,0,0,59,0,0,0,0,0,52,0,0,82,0,0,0,0,0,0,32,0,0,54,0,0,0,0,27,0,0,34,94,0,0,0,4,0,0,0,4,0,71,0,0,0,0,0,31,0,57,0,33,0,0,0,0,0,0,0,0,6,0,0,0,66,0,30,0,0,39,0,0,86,0,0,0,95,32,0,0,0,0,52,0,0,0,0,0,0,94,74,0,54,0,0,88,20,65,0,0,0,0,0,0,0,0,20,93,0,70,0,23,0,73,0,0,0,16,0,9,0,0,28,0,0,0,84,0,69,33,0,0,54,0,0,0,0,0,0,0,0,0,0,51,0,0,0,0,0,0,0,79,0,0,0,13,97,0,0,72,0,0,0,0,0,71,53,0,0,0,46,0,0,0,76,0,0,0,0,68,0,0,96,0,0,0,80,0,0
"59",0,0,0,0,0,0,0,0,0,0,0,0,0,0,0,0,0,0,0,0,0,0,0,0,0,0,0,0,0,0,0,0,0,0,0,0,0,0,0,0,0,0,0,0,0,0,0,0,0,0,0,0,0,0,0,0,0,45,0,0,0,0,15,0,93,0,0,0,0,0,0,0,0,53,0,0,0,0,0,94,0,0,0,84,25,0,0,0,0,0,95,0,0,0,0,0,0,0,11,0,0,0,0,0,0,0,0,0,0,0,0,0,0,0,0,0,69,0,0,0,0,22,0,0,0,52,0,0,0,0,0,0,45,0,0,3,0,0,26,48,0,0,0,0,0,0,77,0,0,0,0,98,66,0,71,0,72,0,0,0,0,0,0,0,56,0,0,0,0,0,0,52,0,0,66,0,89,0,0,0,0,0,0,80,0,0,0,0,0,0,4,22,0,0,0,0,31,33,90,0,0,0,64,2,0,0,0,0,0,0,0,0,0,12,0,0,0,0,19,67,0,0,0,24,54,6,0,0,0,0,48,0,71,0,8,0,0,71,44,0,0,0,0,0,0,0,0,0,0,89,0,0,24,0,0,0,0,0,0,0,0,0,0,0,0,0,0,0,0,0,76,0,51,0,0,0,0,8,40,0,0,0,0,0,0,0,0,0,0,0,0,0,0,0,30,0,0,0,0,0
"60",0,0,0,0,0,0,0,0,0,0,0,0,0,0,0,0,0,0,0,0,0,0,0,0,0,0,0,0,0,0,0,0,0,0,0,0,0,0,0,0,0,0,0,0,0,0,0,0,0,0,0,0,0,0,0,0,0,0,0,0,0,0,91,14,0,0,0,0,96,0,0,80,46,0,0,0,91,0,0,0,0,0,0,0,0,0,0,0,0,0,0,0,0,0,25,0,0,0,0,0,66,0,38,0,40,0,0,48,0,0,0,0,0,36,0,77,0,0,0,0,66,0,0,0,0,0,70,0,21,84,81,0,0,0,0,0,0,0,0,0,0,39,0,0,0,0,0,97,0,0,0,0,0,27,0,29,0,0,0,0,53,69,94,0,0,0,69,0,0,40,0,0,0,0,43,0,0,0,0,0,0,0,35,19,0,10,0,0,0,0,0,77,0,73,0,0,0,0,0,0,0,0,0,0,0,0,0,46,0,0,0,0,0,0,73,7,0,44,0,0,0,0,0,0,0,0,0,0,0,0,9,0,63,0,79,49,0,0,0,0,94,0,0,0,32,0,47,0,0,0,0,0,0,0,0,0,0,86,0,0,0,0,69,0,0,0,8,75,0,0,0,0,49,0,0,0,0,0,0,0,26,0,87,0,0,17,97,29,0,0,0,0,14,0,59,0,0,0,54,0
"61",0,0,0,0,0,0,0,0,0,0,0,0,0,0,0,0,0,0,0,0,0,0,0,0,0,0,0,0,0,0,0,0,0,0,0,0,0,0,0,0,0,0,0,0,0,0,0,0,0,0,0,0,0,0,0,0,0,0,0,0,0,0,0,0,39,58,0,10,0,0,77,0,0,0,97,0,0,0,0,0,0,0,0,0,0,47,0,0,86,4,0,0,0,55,0,0,0,0,0,0,0,83,0,0,0,0,0,39,0,0,0,0,0,0,0,0,0,0,0,0,18,0,85,0,0,0,0,36,0,0,0,0,0,0,0,0,0,0,0,78,0,0,0,0,0,0,0,0,0,0,0,0,47,0,46,0,0,89,77,0,0,0,0,48,6,0,0,0,0,0,59,0,0,0,0,0,0,40,0,0,62,0,0,17,0,0,0,0,10,0,0,0,0,0,56,0,0,0,0,0,0,0,0,0,0,23,0,9,0,2,0,0,0,0,0,7,0,0,63,0,2,0,58,0,0,0,0,0,0,0,49,2,0,0,0,36,0,68,0,0,0,0,0,51,0,55,33,39,0,0,0,0,59,0,0,0,0,83,0,0,0,0,0,0,0,89,22,0,100,30,0,0,0,0,0,0,0,0,0,0,0,86,0,0,20,59,0,0,20,0,94,0,71,0,0,0,27,0,0,0
"62",0,0,0,0,0,0,0,0,0,0,0,0,0,0,0,0,0,0,0,0,0,0,0,0,0,0,0,0,0,0,0,0,0,0,0,0,0,0,0,0,0,0,0,0,0,0,0,0,0,0,0,0,0,0,0,0,0,0,0,0,0,0,0,0,0,0,0,65,77,0,0,0,0,16,0,0,57,0,0,0,0,0,0,0,0,0,0,0,0,0,49,0,0,58,0,0,0,45,0,0,0,26,0,0,0,31,0,0,0,31,0,0,0,0,0,83,0,0,83,0,0,0,0,0,0,18,55,0,27,0,0,68,0,38,0,0,0,0,48,37,0,0,0,0,13,0,0,0,0,0,56,18,81,57,0,52,0,0,0,0,22,0,0,0,78,72,0,0,0,63,0,0,36,3,0,0,26,30,0,0,0,32,0,0,0,0,85,9,66,0,0,0,0,0,99,89,0,0,0,13,0,0,96,0,0,0,0,0,0,0,67,0,0,46,0,0,0,48,12,0,76,0,0,0,7,41,46,21,0,0,0,0,0,0,0,0,5,86,38,0,0,56,0,0,0,0,0,0,0,0,35,0,30,61,0,79,0,0,0,0,0,0,0,0,70,0,0,0,0,14,0,0,0,84,40,0,73,0,0,0,0,0,8,0,0,1,0,0,0,0,100,0,40,0,0,0,14,51,0,0
"63",0,0,0,0,0,0,0,0,0,0,0,0,0,0,0,0,0,0,0,0,0,0,0,0,0,0,0,0,0,0,0,0,0,0,0,0,0,0,0,0,0,0,0,0,0,0,0,0,0,0,0,0,0,0,0,0,0,0,0,0,0,0,0,20,53,0,0,0,66,0,19,25,0,0,0,0,0,0,0,0,0,0,0,38,0,45,0,0,0,0,0,0,29,78,14,0,0,0,0,0,0,0,0,0,0,44,0,59,0,12,95,0,0,0,0,0,0,0,0,20,0,65,0,0,0,0,0,47,0,0,0,84,29,41,0,0,0,0,0,0,0,0,0,0,0,0,0,0,0,0,0,0,0,0,0,0,0,0,0,21,0,0,69,0,0,0,43,0,0,0,0,0,0,21,51,0,0,0,77,0,0,0,0,65,0,0,0,81,0,0,58,0,0,48,0,9,0,0,0,0,0,0,81,0,30,2,0,0,69,0,0,0,0,0,0,0,0,0,22,53,0,0,94,0,0,0,0,0,0,0,0,0,0,0,0,62,0,31,0,0,51,0,58,0,0,0,0,0,79,62,0,0,0,0,75,0,0,0,29,19,0,0,0,0,0,0,0,0,0,0,8,0,0,10,0,0,0,0,87,0,0,0,70,0,93,0,0,0,0,12,0,0,0,0,0,0,0,56,0,0
"64",0,0,0,0,0,0,0,0,0,0,0,0,0,0,0,0,0,0,0,0,0,0,0,0,0,0,0,0,0,0,0,0,0,0,0,0,0,0,0,0,0,0,0,0,0,0,0,0,0,0,0,0,0,0,0,0,0,0,0,0,0,0,0,0,0,0,99,0,6,80,0,37,0,0,0,0,1,0,0,0,0,0,0,0,0,0,0,0,0,0,88,59,0,0,47,0,0,0,0,0,53,0,0,0,0,0,0,0,0,0,0,0,24,0,0,0,0,0,24,0,0,87,0,0,0,0,0,82,0,0,0,0,19,0,0,0,0,0,0,45,0,0,0,0,0,0,21,0,17,0,0,69,0,0,0,0,11,0,0,0,0,0,44,0,0,28,0,0,0,0,0,0,0,0,65,98,0,0,0,0,3,80,0,0,0,92,0,0,0,75,0,68,0,0,0,0,0,93,0,99,0,60,0,0,0,87,0,0,0,0,0,64,21,0,0,8,0,0,54,0,84,0,0,0,0,0,0,16,0,0,0,0,87,85,0,50,0,68,0,0,0,0,11,0,62,0,67,0,0,0,31,0,0,0,17,0,39,0,0,0,0,0,59,0,0,86,0,4,0,0,0,0,0,0,70,0,0,0,0,5,0,20,70,0,0,0,0,0,0,0,76,0,48,17,0,0,8,32,0,0
"65",0,0,0,0,0,0,0,0,0,0,0,0,0,0,0,0,0,0,0,0,0,0,0,0,0,0,0,0,0,0,0,0,0,0,0,0,0,0,0,0,0,0,0,0,0,0,0,0,0,0,0,0,0,0,0,0,0,0,0,0,0,0,0,0,0,0,0,0,0,7,0,45,0,0,0,0,54,0,0,0,0,0,0,0,0,0,0,86,15,87,0,0,0,36,55,0,0,0,0,44,0,0,27,0,0,0,0,0,67,0,0,85,0,0,0,44,0,0,0,0,0,0,0,29,0,0,0,88,0,0,0,0,0,0,2,0,0,0,0,72,0,0,0,0,0,0,98,0,0,11,0,0,0,0,2,0,0,0,0,0,0,0,61,0,11,0,21,0,0,0,0,0,0,4,0,12,0,0,0,0,0,0,0,71,0,72,80,0,0,0,0,3,0,0,0,0,0,0,0,0,0,0,0,0,76,10,0,0,49,0,70,85,24,0,10,0,0,0,0,0,0,0,37,10,0,59,70,5,0,0,0,42,95,48,0,50,0,0,0,56,0,0,44,0,0,0,0,0,0,0,0,0,0,0,97,0,81,0,0,0,0,71,0,0,0,24,0,0,0,0,57,0,21,0,0,0,0,0,0,0,0,0,0,0,51,0,0,0,0,0,0,0,0,0,88,0,0,80,0,0
"66",0,0,0,0,0,0,0,0,0,0,0,0,0,0,0,0,0,0,0,0,0,0,0,0,0,0,0,0,0,0,0,0,0,0,0,0,0,0,0,0,0,0,0,0,0,0,0,0,0,0,0,0,0,0,0,0,0,0,0,0,0,0,0,0,62,0,98,0,0,0,0,0,0,46,0,0,0,0,0,0,0,0,0,0,14,0,0,0,0,69,0,0,0,0,0,0,27,0,0,0,0,0,57,0,46,0,0,0,0,99,0,3,0,0,10,88,0,0,0,44,89,0,80,0,0,0,54,0,0,0,0,0,0,71,90,0,12,75,2,0,0,0,0,0,0,94,0,0,0,0,0,0,0,0,0,0,40,94,0,47,0,0,0,0,70,0,0,0,0,37,0,0,0,0,0,0,0,0,0,71,0,0,5,0,50,0,0,86,0,0,0,0,0,0,0,0,0,0,0,0,43,45,0,0,0,0,90,0,0,0,0,0,0,0,0,0,0,0,0,51,33,51,0,0,0,0,0,0,0,0,0,91,0,0,0,0,8,0,0,0,60,0,0,49,30,0,0,46,0,0,0,0,58,0,0,0,22,30,0,0,0,0,0,0,27,0,0,0,0,0,30,0,0,38,0,75,7,0,0,0,0,0,0,85,78,0,0,0,0,0,0,0,0,29,0,0,0,0,0,19
"67",0,0,0,0,0,0,0,0,0,0,0,0,0,0,0,0,0,0,0,0,0,0,0,0,0,0,0,0,0,0,0,0,0,0,0,0,0,0,0,0,0,0,0,0,0,0,0,0,0,0,0,0,0,0,0,0,0,0,0,0,0,0,0,0,0,0,0,60,0,0,90,29,44,0,0,0,0,0,0,81,0,0,0,0,0,90,71,0,0,0,0,0,0,0,0,0,0,98,0,0,0,0,0,67,0,0,20,0,0,0,78,33,0,0,0,0,78,0,0,0,67,71,0,0,23,0,50,0,0,78,0,25,49,0,0,80,0,0,91,55,0,0,0,0,0,0,0,69,45,0,0,0,0,0,0,38,0,0,0,0,0,0,6,63,0,82,0,0,24,81,0,0,0,0,0,0,0,0,98,74,0,0,0,0,0,0,0,0,0,0,0,69,63,0,10,31,43,0,0,0,0,0,0,0,0,0,0,0,0,0,0,33,0,26,0,10,0,0,18,70,0,0,0,0,18,0,0,0,0,0,0,0,0,0,0,0,0,0,94,44,0,0,86,0,0,0,97,0,23,0,53,0,0,0,0,20,0,64,0,20,0,20,0,0,0,0,53,0,6,0,0,0,0,0,0,83,0,0,0,0,0,0,0,0,91,0,0,0,0,63,67,0,0,0,0,0,0,0,0,0
"68",0,0,0,0,0,0,0,0,0,0,0,0,0,0,0,0,0,0,0,0,0,0,0,0,0,0,0,0,0,0,0,0,0,0,0,0,0,0,0,0,0,0,0,0,0,0,0,0,0,0,0,0,0,0,0,0,0,0,0,0,0,0,0,0,0,0,55,0,0,0,48,0,0,11,0,0,0,0,0,10,0,0,61,35,0,0,0,0,67,0,0,0,0,0,0,0,0,67,0,30,0,0,61,0,0,0,47,0,5,0,0,0,0,0,53,23,0,78,0,0,18,86,0,42,0,0,0,0,0,0,0,0,22,0,38,0,68,0,0,0,0,0,17,0,0,0,0,0,0,26,10,0,61,74,0,0,0,0,0,0,0,0,0,64,0,0,0,41,0,0,0,0,0,0,0,0,46,0,0,0,0,63,43,0,0,0,0,0,10,0,0,0,45,0,3,0,0,0,0,26,0,0,0,61,0,0,67,0,28,0,0,0,19,37,0,0,0,26,0,0,0,0,0,93,99,0,0,94,38,0,0,0,0,0,0,50,0,13,60,80,0,0,0,83,99,0,0,98,0,92,0,0,0,0,0,0,0,0,0,0,0,0,0,0,0,0,0,0,0,0,0,0,0,0,0,0,0,0,91,0,0,9,0,0,5,0,0,0,48,0,0,0,0,0,0,0,0,0,47,0
"69",0,0,0,0,0,0,0,0,0,0,0,0,0,0,0,0,0,0,0,0,0,0,0,0,0,0,0,0,0,0,0,0,0,0,0,0,0,0,0,0,0,0,0,0,0,0,0,0,0,0,0,0,0,0,0,0,0,0,0,0,0,0,0,0,0,0,0,0,0,0,0,0,0,38,0,0,0,0,0,0,0,0,0,0,0,87,36,0,0,68,88,60,0,0,0,0,0,0,0,58,0,0,48,18,0,14,0,0,0,0,0,37,0,0,0,0,82,0,36,0,0,0,49,45,0,0,0,0,0,0,0,0,30,15,11,0,0,0,0,0,81,0,0,49,0,55,0,0,0,2,0,0,0,0,11,0,0,0,0,0,36,0,13,0,0,44,0,58,0,0,0,0,0,0,77,0,0,0,0,0,0,0,0,48,0,0,0,0,0,23,0,0,0,34,0,48,0,0,0,0,0,0,0,0,0,0,39,0,0,26,51,0,0,0,0,0,0,0,0,0,0,0,0,0,0,0,51,89,84,98,79,46,0,0,0,98,0,49,0,80,0,0,0,0,56,0,0,0,0,94,0,0,89,0,0,0,23,0,71,0,2,33,0,0,0,90,13,0,0,0,0,0,0,0,85,0,0,0,0,0,0,0,0,53,0,0,0,0,0,0,0,0,0,0,0,0,0,0,0,0
"70",0,0,0,0,0,0,0,0,0,0,0,0,0,0,0,0,0,0,0,0,0,0,0,0,0,0,0,0,0,0,0,0,0,0,0,0,0,0,0,0,0,0,0,0,0,0,0,0,0,0,0,0,0,0,0,0,0,0,0,0,0,0,0,0,0,0,0,0,0,0,0,0,0,0,0,0,0,69,81,0,0,0,0,0,0,0,19,10,90,79,0,83,0,56,0,6,0,0,0,0,0,0,0,0,0,0,0,81,0,36,0,0,0,48,3,0,0,0,0,13,23,99,0,0,13,0,0,0,0,0,0,19,0,0,18,0,42,0,49,7,0,0,0,0,97,0,0,0,0,0,0,0,0,67,0,0,0,51,0,0,0,0,0,0,0,0,0,6,93,27,0,0,26,94,0,68,0,0,0,0,0,16,0,0,0,0,0,0,0,0,71,0,0,89,0,0,63,0,0,0,0,0,0,0,0,0,0,93,0,50,0,35,0,0,0,0,0,0,0,0,0,0,0,0,0,0,11,0,69,0,0,69,0,0,0,0,0,0,0,0,0,0,0,0,0,0,75,0,0,0,0,0,0,0,0,51,0,0,0,0,0,0,0,52,0,0,0,0,0,70,0,0,0,0,0,61,0,27,0,59,28,0,0,6,80,0,0,0,0,0,72,0,0,0,0,0,0,14,0,18
"71",0,0,0,0,0,0,0,0,0,0,0,0,0,0,0,0,0,0,0,0,0,0,0,0,0,0,0,0,0,0,0,0,0,0,0,0,0,0,0,0,0,0,0,0,0,0,0,0,0,0,0,0,0,0,0,0,0,0,0,0,0,0,0,0,0,0,0,0,0,0,0,0,69,43,28,0,0,0,0,91,17,0,0,0,95,0,0,61,0,0,0,0,0,0,0,0,0,98,0,67,0,0,0,0,0,0,0,38,0,27,23,0,0,0,87,0,21,0,0,0,57,0,0,0,0,0,0,56,0,0,0,0,0,83,0,0,0,0,0,0,0,31,91,0,76,0,0,0,0,0,0,61,0,0,43,75,0,0,0,0,0,0,0,0,0,0,0,0,0,0,89,0,0,0,0,0,0,27,0,100,49,15,1,0,0,0,74,0,41,0,0,0,0,0,23,0,82,0,0,7,4,0,0,0,0,0,0,12,0,0,86,0,0,0,0,36,0,80,0,0,0,0,0,0,24,0,0,0,0,58,25,0,29,0,0,0,42,0,0,0,0,20,0,0,0,0,0,0,0,0,0,47,0,0,0,0,0,0,0,0,0,0,0,0,0,0,35,0,0,0,0,0,0,0,0,0,0,31,0,92,0,0,0,0,81,0,0,35,4,10,0,0,33,0,0,25,0,6,0,0
"72",0,0,0,0,0,0,0,0,0,0,0,0,0,0,0,0,0,0,0,0,0,0,0,0,0,0,0,0,0,0,0,0,0,0,0,0,0,0,0,0,0,0,0,0,0,0,0,0,0,0,0,0,0,0,0,0,0,0,0,0,0,0,0,0,0,0,0,0,0,0,0,100,0,69,95,0,100,86,0,0,13,0,0,76,7,22,0,0,0,0,0,0,18,0,0,31,0,0,41,0,31,85,0,76,0,0,0,0,0,0,0,0,0,0,0,0,0,0,35,0,0,0,0,0,75,0,0,0,39,0,0,0,0,0,24,0,0,0,0,0,0,0,76,0,0,0,61,76,0,76,0,16,0,0,0,0,0,0,95,0,0,3,0,0,0,0,0,0,0,63,0,0,0,0,0,5,0,0,0,52,0,40,0,0,0,0,84,0,0,0,0,0,89,0,0,0,0,0,22,0,0,0,0,0,0,0,0,0,0,28,4,0,0,0,14,60,0,84,0,0,0,0,0,0,0,0,0,0,0,0,0,0,0,0,0,94,0,0,0,0,0,59,0,28,0,35,0,0,0,0,71,26,0,80,74,0,0,0,0,0,0,0,0,47,0,0,0,0,0,0,56,0,0,0,0,0,0,0,1,0,0,0,0,6,0,24,0,0,0,0,0,22,0,0,0,0,0,0,0,35
"73",0,0,0,0,0,0,0,0,0,0,0,0,0,0,0,0,0,0,0,0,0,0,0,0,0,0,0,0,0,0,0,0,0,0,0,0,0,0,0,0,0,0,0,0,0,0,0,0,0,0,0,0,0,0,0,0,0,0,0,0,0,0,0,0,0,0,0,0,0,0,0,0,0,30,6,0,0,51,78,0,0,0,0,0,0,59,0,50,0,0,0,0,5,0,0,0,0,0,0,3,20,0,60,0,0,0,0,0,0,0,36,0,0,28,0,58,99,0,78,0,0,38,0,0,0,0,0,0,92,0,0,0,0,0,0,0,0,0,0,0,0,0,42,0,0,48,0,0,0,0,4,0,0,23,0,0,0,0,0,41,0,0,0,0,0,0,0,0,0,0,0,98,0,0,0,0,0,0,14,0,0,0,23,0,0,0,0,0,32,99,0,94,0,0,0,55,39,0,83,0,0,0,0,0,0,0,0,0,0,58,0,0,67,94,0,0,18,56,0,0,0,0,23,0,82,17,0,0,57,0,0,45,0,0,0,11,0,0,0,0,0,0,24,0,4,0,0,0,0,0,0,0,0,0,0,37,0,0,0,0,74,0,34,0,0,0,0,0,0,48,3,0,0,87,0,0,0,80,5,0,0,0,77,0,0,0,14,0,0,0,0,0,0,0,0,0,20,75,95,0
"74",0,0,0,0,0,0,0,0,0,0,0,0,0,0,0,0,0,0,0,0,0,0,0,0,0,0,0,0,0,0,0,0,0,0,0,0,0,0,0,0,0,0,0,0,0,0,0,0,0,0,0,0,0,0,0,0,0,0,0,0,0,0,0,0,0,0,0,0,0,0,0,0,0,0,0,0,50,56,0,0,0,0,0,0,0,70,0,0,0,41,0,78,77,0,0,0,31,0,0,0,0,0,87,84,0,0,0,0,0,0,0,0,0,0,0,0,59,0,0,0,0,73,0,0,0,0,6,32,0,0,0,0,3,0,0,63,0,8,42,96,0,42,0,0,0,0,0,0,83,0,0,79,0,0,0,0,0,0,0,64,0,0,0,94,0,0,0,60,0,0,0,27,0,0,0,0,0,0,0,50,0,0,0,0,79,0,0,0,0,0,0,81,0,0,0,0,0,57,69,0,0,0,0,0,0,0,89,0,99,57,0,0,0,0,0,0,0,92,0,64,0,0,7,0,0,0,0,18,0,0,63,0,0,0,0,7,65,0,0,55,0,0,0,0,0,0,0,0,0,0,13,23,0,0,0,0,0,0,0,0,9,0,3,35,0,0,0,0,0,0,0,0,0,0,54,42,0,0,0,0,0,0,14,48,0,79,12,0,46,0,0,0,59,0,0,0,0,0,0,0
"75",0,0,0,0,0,0,0,0,0,0,0,0,0,0,0,0,0,0,0,0,0,0,0,0,0,0,0,0,0,0,0,0,0,0,0,0,0,0,0,0,0,0,0,0,0,0,0,0,0,0,0,0,0,0,0,0,0,0,0,0,0,0,0,0,0,0,0,0,0,0,0,0,0,0,0,0,4,67,87,0,0,0,0,0,0,92,0,0,0,0,0,7,0,0,0,66,0,0,0,45,0,0,0,0,0,0,0,53,0,0,80,0,0,0,0,51,24,41,0,0,32,0,0,16,25,0,0,0,0,0,0,0,0,51,0,49,51,0,0,0,100,84,0,0,0,0,67,0,0,0,0,0,0,66,0,0,0,0,0,13,12,0,0,0,0,0,73,44,0,0,0,93,0,0,0,68,0,0,0,0,0,0,0,0,0,0,0,0,0,0,0,90,0,0,0,5,0,0,0,0,0,55,0,28,0,0,0,4,0,0,0,0,0,7,0,0,0,0,30,0,69,8,0,0,0,0,0,0,79,0,0,0,0,0,0,0,0,0,0,0,0,0,53,52,0,0,0,1,0,0,0,0,0,0,24,0,0,0,0,0,91,80,0,0,92,45,59,93,0,0,0,0,0,0,26,7,0,0,0,0,0,0,0,0,0,0,57,39,0,27,0,0,56,0,58,48,0,22,0,0
"76",0,0,0,0,0,0,0,0,0,0,0,0,0,0,0,0,0,0,0,0,0,0,0,0,0,0,0,0,0,0,0,0,0,0,0,0,0,0,0,0,0,0,0,0,0,0,0,0,0,0,0,0,0,0,0,0,0,0,0,0,0,0,0,0,0,0,0,0,0,0,0,0,0,0,79,0,0,0,0,0,0,0,0,83,0,75,0,0,92,91,0,0,0,0,0,0,0,0,0,0,0,0,66,0,76,0,49,0,81,0,0,0,0,0,0,0,0,0,0,50,0,0,0,91,67,0,0,0,0,0,70,72,10,0,0,0,74,0,0,13,0,0,0,48,0,0,0,0,9,0,0,0,12,74,0,0,0,0,0,0,0,0,0,94,0,0,0,0,0,0,0,0,0,0,0,0,70,43,0,94,0,0,0,0,0,0,15,0,0,0,0,0,0,0,0,14,0,0,0,0,48,0,93,0,0,0,0,48,15,0,0,0,0,0,0,0,0,0,0,0,0,0,0,12,80,43,0,0,65,0,98,0,0,0,0,0,0,0,29,0,67,0,34,0,0,43,0,0,58,0,0,0,0,0,0,43,0,0,0,0,0,0,26,0,16,0,0,0,0,0,0,35,0,0,96,0,0,90,0,0,0,35,0,0,0,0,0,0,0,0,0,0,0,0,0,0,0,29,0,97
"77",0,0,0,0,0,0,0,0,0,0,0,0,0,0,0,0,0,0,0,0,0,0,0,0,0,0,0,0,0,0,0,0,0,0,0,0,0,0,0,0,0,0,0,0,0,0,0,0,0,0,0,0,0,0,0,0,0,0,0,0,0,0,0,0,0,0,0,0,0,0,0,0,0,0,0,86,29,0,0,0,0,0,0,0,0,0,0,0,0,6,0,0,0,0,0,17,0,0,0,0,0,0,98,0,0,0,64,0,0,0,0,0,0,11,0,0,39,0,0,0,70,0,0,0,14,40,0,15,0,51,0,96,0,85,0,12,0,0,72,0,3,42,0,7,0,0,75,0,94,0,100,0,0,0,0,32,51,0,10,52,0,0,0,0,0,0,0,0,0,0,13,0,0,0,0,0,0,0,0,29,0,0,0,0,0,0,0,18,0,75,0,72,0,0,0,0,0,0,20,63,0,0,0,0,0,0,0,0,0,58,69,0,0,43,0,62,0,0,0,91,56,0,0,10,0,16,0,6,0,0,0,0,0,0,0,14,15,42,0,0,0,0,0,3,0,0,0,0,24,0,0,0,0,0,0,21,0,0,43,0,0,73,0,0,0,0,55,98,32,0,0,33,0,0,0,0,0,0,0,0,0,0,0,16,53,0,85,0,20,0,81,0,0,87,0,81,39,0,0,0
"78",0,0,0,0,0,0,0,0,0,0,0,0,0,0,0,0,0,0,0,0,0,0,0,0,0,0,0,0,0,0,0,0,0,0,0,0,0,0,0,0,0,0,0,0,0,0,0,0,0,0,0,0,0,0,0,0,0,0,0,0,0,0,0,0,0,0,0,0,0,0,0,0,0,0,0,0,0,0,0,0,0,0,0,90,0,6,0,46,0,0,0,0,0,50,14,70,0,0,0,31,0,0,0,0,0,0,0,92,93,59,56,0,0,0,0,0,0,0,14,99,0,5,0,35,4,0,0,0,0,0,0,0,0,0,0,0,48,0,0,0,0,0,0,0,0,0,0,0,0,0,86,0,0,87,0,0,0,0,0,5,0,0,0,0,79,0,0,0,35,0,0,30,0,0,0,0,0,0,0,0,0,0,45,0,0,0,64,0,89,19,0,0,0,29,37,0,0,0,0,0,0,84,0,0,0,72,0,41,61,0,0,100,0,0,0,0,0,0,0,0,0,0,0,0,0,18,0,0,0,0,0,1,0,0,0,0,0,0,0,0,0,71,0,0,0,0,0,0,0,0,0,0,0,0,0,7,0,23,0,0,0,0,0,0,89,0,0,0,0,9,0,0,0,82,0,0,0,0,0,0,0,0,0,0,0,0,0,92,65,0,0,0,0,0,0,0,0,73,0,0
"79",0,0,0,0,0,0,0,0,0,0,0,0,0,0,0,0,0,0,0,0,0,0,0,0,0,0,0,0,0,0,0,0,0,0,0,0,0,0,0,0,0,0,0,0,0,0,0,0,0,0,0,0,0,0,0,0,0,0,0,0,0,0,0,0,0,0,0,0,0,0,0,0,0,0,0,0,0,0,0,76,0,0,0,0,33,0,0,0,0,0,40,0,51,72,0,51,0,0,0,0,31,0,0,0,96,0,0,0,0,0,65,0,0,0,0,48,0,0,72,25,0,0,63,0,0,0,0,0,27,0,0,0,27,7,71,0,0,0,0,79,0,98,0,0,0,0,0,28,72,65,23,0,0,0,0,0,0,0,0,0,0,0,23,0,53,0,0,0,0,0,0,0,0,0,0,71,0,0,0,0,0,0,23,0,0,0,0,33,0,0,0,0,0,0,0,68,31,92,0,39,0,0,76,0,0,34,0,0,0,0,99,0,0,0,0,0,0,0,0,0,0,0,0,0,5,0,0,0,0,0,0,0,0,0,0,0,0,0,0,88,97,48,0,0,0,0,0,0,0,75,11,0,0,0,0,67,33,0,0,0,56,92,0,0,0,0,0,21,0,0,0,0,0,62,0,0,0,0,20,93,0,0,0,0,0,0,45,82,0,0,69,0,0,86,0,0,0,62,0,0
"80",0,0,0,0,0,0,0,0,0,0,0,0,0,0,0,0,0,0,0,0,0,0,0,0,0,0,0,0,0,0,0,0,0,0,0,0,0,0,0,0,0,0,0,0,0,0,0,0,0,0,0,0,0,0,0,0,0,0,0,0,0,0,0,0,0,0,0,0,0,0,0,0,0,0,0,0,0,0,0,0,98,29,0,0,0,0,0,0,0,0,42,0,0,76,0,56,14,0,0,0,0,0,12,0,0,0,0,44,0,0,0,0,0,35,0,31,0,0,0,0,13,0,0,0,0,0,0,0,0,0,11,0,0,0,0,0,0,84,0,0,0,0,46,0,0,85,0,67,0,79,0,0,77,0,0,30,0,0,0,6,41,70,0,46,0,0,0,0,4,0,0,0,33,0,0,79,0,0,0,0,0,32,10,0,41,0,0,34,0,0,35,0,0,64,0,0,0,0,0,0,33,0,70,0,0,0,0,0,70,3,0,0,84,0,0,0,0,0,0,0,0,0,0,0,27,0,0,0,0,48,0,0,0,0,0,0,0,91,0,0,0,23,0,0,0,0,0,2,0,0,0,0,0,0,12,0,0,0,0,0,50,0,0,0,0,0,0,0,0,0,20,0,80,0,0,100,31,0,0,17,0,0,100,0,52,2,49,0,57,0,76,0,0,2,0,93,0,20,0,57
"81",0,0,0,0,0,0,0,0,0,0,0,0,0,0,0,0,0,0,0,0,0,0,0,0,0,0,0,0,0,0,0,0,0,0,0,0,0,0,0,0,0,0,0,0,0,0,0,0,0,0,0,0,0,0,0,0,0,0,0,0,0,0,0,0,0,0,0,0,0,0,0,0,0,0,0,0,0,0,0,40,55,8,96,0,0,0,54,0,0,0,82,24,0,0,0,0,75,0,0,0,0,0,79,0,34,0,0,0,10,0,0,0,0,52,0,0,0,0,0,0,0,0,35,0,0,0,0,0,0,0,0,0,0,0,0,0,0,0,0,0,0,0,0,0,80,0,0,0,9,70,65,0,0,0,15,0,0,0,0,0,0,80,0,89,46,0,55,0,0,0,0,0,91,34,0,0,0,0,0,0,0,0,16,0,0,0,0,0,42,0,0,93,0,63,0,0,0,0,0,0,0,66,0,0,49,94,0,0,0,69,0,40,0,98,0,0,0,0,11,69,0,0,0,35,0,0,60,0,19,82,0,79,0,78,0,0,0,0,35,0,0,51,0,0,9,0,0,0,0,83,0,0,87,0,0,0,0,14,32,99,0,0,0,0,58,96,0,36,0,0,0,36,0,0,48,0,86,0,0,0,0,0,0,32,3,0,0,0,0,44,19,0,42,100,0,0,0,0,0,0
"82",0,0,0,0,0,0,0,0,0,0,0,0,0,0,0,0,0,0,0,0,0,0,0,0,0,0,0,0,0,0,0,0,0,0,0,0,0,0,0,0,0,0,0,0,0,0,0,0,0,0,0,0,0,0,0,0,0,0,0,0,0,0,0,0,0,0,0,0,0,0,0,0,0,0,0,0,0,0,0,0,0,74,11,0,0,56,0,0,0,0,0,54,0,0,86,0,67,0,0,4,0,0,28,18,0,0,32,0,0,0,0,0,0,11,70,0,69,16,0,0,20,0,0,24,75,0,0,0,12,0,76,0,0,50,0,41,0,0,0,0,0,0,0,90,0,73,96,0,0,0,0,0,0,0,0,60,0,28,25,0,0,0,0,0,50,0,0,0,0,0,96,0,50,0,0,0,18,52,88,0,94,0,0,0,0,0,69,0,30,0,79,0,0,0,0,0,83,69,0,15,0,0,0,0,90,0,0,0,0,0,0,85,0,0,1,0,0,94,0,0,0,0,0,0,0,0,0,0,73,87,0,0,0,0,0,0,0,59,81,58,18,0,0,0,0,0,0,0,47,19,34,0,0,0,96,0,0,0,0,0,0,0,35,0,28,0,0,0,0,0,59,11,0,0,0,0,0,89,0,0,0,0,0,0,96,0,0,0,0,0,100,0,0,0,0,76,0,0,0,0
"83",0,0,0,0,0,0,0,0,0,0,0,0,0,0,0,0,0,0,0,0,0,0,0,0,0,0,0,0,0,0,0,0,0,0,0,0,0,0,0,0,0,0,0,0,0,0,0,0,0,0,0,0,0,0,0,0,0,0,0,0,0,0,0,0,0,0,0,0,0,0,0,0,0,0,0,0,0,0,0,0,0,56,0,0,0,0,0,91,0,0,0,0,0,63,21,87,90,0,17,0,0,0,0,5,0,0,0,0,0,0,0,0,0,0,95,0,87,0,26,0,87,0,99,0,0,0,0,0,0,0,2,71,0,0,0,0,0,0,32,46,8,80,0,19,0,0,0,0,0,0,0,42,0,0,0,0,56,0,0,0,0,0,0,0,17,0,0,2,0,0,0,0,0,3,8,0,9,0,0,95,66,0,0,0,0,0,0,0,0,83,0,86,0,0,81,0,39,0,0,0,0,72,0,0,24,0,0,0,0,0,0,0,0,0,0,8,0,0,59,0,45,0,0,23,0,0,0,1,0,0,0,0,0,0,0,0,31,0,0,0,0,0,0,0,0,0,0,0,0,0,0,0,90,0,0,0,3,0,0,0,0,0,0,0,0,0,0,88,93,0,0,0,0,0,0,0,0,11,0,0,82,0,0,0,0,0,0,3,0,0,0,0,0,0,52,0,0,0,15,0
"84",0,0,0,0,0,0,0,0,0,0,0,0,0,0,0,0,0,0,0,0,0,0,0,0,0,0,0,0,0,0,0,0,0,0,0,0,0,0,0,0,0,0,0,0,0,0,0,0,0,0,0,0,0,0,0,0,0,0,0,0,0,0,0,0,0,0,0,0,0,0,0,0,0,0,0,0,0,0,0,0,0,0,0,0,50,81,0,0,0,46,0,76,3,8,0,0,54,0,0,0,0,0,0,0,0,0,86,0,0,0,0,43,0,0,0,0,0,0,0,22,0,0,0,0,0,35,0,0,0,0,0,0,87,74,0,0,0,0,34,0,36,0,0,0,92,0,0,70,33,0,71,0,2,0,0,0,0,0,94,0,0,0,0,68,0,0,0,0,0,0,0,0,1,0,27,46,0,0,96,0,0,55,56,95,0,8,0,0,0,0,0,20,0,0,0,66,44,0,0,0,0,0,0,0,30,0,56,0,0,0,0,22,0,0,0,0,0,57,41,40,0,39,36,0,0,0,0,0,84,0,0,0,0,48,0,0,0,0,0,45,0,0,36,0,0,0,0,0,0,0,0,0,0,0,0,0,0,0,26,35,35,0,0,0,0,31,0,0,24,0,0,85,78,0,0,57,27,0,39,0,0,0,32,83,0,0,0,0,0,0,0,0,0,0,0,30,0,0,71,50
"85",0,0,0,0,0,0,0,0,0,0,0,0,0,0,0,0,0,0,0,0,0,0,0,0,0,0,0,0,0,0,0,0,0,0,0,0,0,0,0,0,0,0,0,0,0,0,0,0,0,0,0,0,0,0,0,0,0,0,0,0,0,0,0,0,0,0,0,0,0,0,0,0,0,0,0,0,0,0,0,0,0,0,0,0,0,0,0,82,0,66,0,1,0,53,0,54,0,0,0,0,0,0,18,0,0,19,0,0,91,0,68,0,0,87,0,0,0,0,0,99,0,0,0,0,0,92,0,0,0,0,17,0,30,0,0,33,78,0,0,0,63,0,0,0,0,0,0,58,0,0,0,0,0,0,0,0,0,63,0,0,0,98,0,0,21,0,0,0,82,0,0,0,0,75,13,5,0,0,0,62,0,0,0,0,0,0,39,0,0,54,0,0,0,0,0,0,0,0,0,27,0,0,0,0,0,0,0,0,0,0,0,0,72,0,0,79,0,0,0,0,49,81,0,0,0,0,0,0,0,0,0,14,0,0,0,0,0,0,49,0,0,0,41,0,0,0,0,0,84,65,10,0,0,41,0,0,0,0,0,0,0,81,0,0,0,0,26,0,0,0,0,0,34,0,66,0,0,49,0,0,0,0,0,47,0,0,63,0,0,61,0,0,0,0,0,64,0,0,0,0
"86",0,0,0,0,0,0,0,0,0,0,0,0,0,0,0,0,0,0,0,0,0,0,0,0,0,0,0,0,0,0,0,0,0,0,0,0,0,0,0,0,0,0,0,0,0,0,0,0,0,0,0,0,0,0,0,0,0,0,0,0,0,0,0,0,0,0,0,0,0,0,0,0,0,0,0,0,0,0,0,0,0,0,0,0,0,47,21,0,0,1,0,0,0,0,0,53,0,21,0,0,0,0,0,0,0,0,0,0,0,0,0,0,0,0,0,0,0,0,19,0,0,0,0,0,84,50,0,42,0,7,0,40,0,0,0,0,14,0,0,0,0,0,0,0,0,0,6,0,84,20,29,0,0,0,0,64,0,38,84,0,0,46,0,0,0,0,63,0,0,97,92,0,34,0,0,0,0,0,12,0,2,0,0,0,0,0,0,0,23,0,0,33,0,0,0,0,0,0,0,0,0,0,0,0,46,0,16,71,0,0,0,0,0,0,0,0,0,0,0,12,0,0,8,0,0,0,71,0,0,54,0,20,20,21,52,0,14,0,0,0,0,0,73,0,0,0,28,0,0,0,1,0,0,31,89,0,26,2,58,0,0,37,0,62,58,0,0,0,0,0,43,0,0,42,0,0,45,49,0,0,0,0,0,92,67,0,0,0,16,0,0,0,0,0,0,7,0,0,0,0
"87",0,0,0,0,0,0,0,0,0,0,0,0,0,0,0,0,0,0,0,0,0,0,0,0,0,0,0,0,0,0,0,0,0,0,0,0,0,0,0,0,0,0,0,0,0,0,0,0,0,0,0,0,0,0,0,0,0,0,0,0,0,0,0,0,0,0,0,0,0,0,0,0,0,0,0,0,0,0,0,0,0,0,0,0,0,0,0,44,0,6,0,74,0,51,0,0,76,9,0,0,0,0,0,91,26,0,84,58,41,21,0,0,81,0,95,0,77,0,0,0,0,91,0,0,75,0,52,0,0,0,0,0,0,0,0,58,0,0,0,0,0,0,0,0,0,0,0,20,0,0,0,77,0,0,43,0,0,0,0,0,0,80,86,66,0,0,62,0,0,0,0,0,11,0,0,0,49,0,0,0,77,91,36,1,1,0,0,0,0,0,49,0,0,38,33,43,59,0,0,0,75,25,0,0,0,0,0,0,67,64,0,0,0,0,0,0,0,76,19,0,0,0,0,65,0,11,55,92,0,0,0,0,0,0,3,0,0,0,0,88,51,48,0,0,0,0,0,0,0,0,0,0,0,48,0,12,0,0,0,0,0,0,0,0,0,0,79,0,0,0,0,0,0,0,89,0,24,0,61,0,0,0,0,0,0,0,0,0,0,89,67,0,0,0,0,62,0,0,0,14
"88",0,0,0,0,0,0,0,0,0,0,0,0,0,0,0,0,0,0,0,0,0,0,0,0,0,0,0,0,0,0,0,0,0,0,0,0,0,0,0,0,0,0,0,0,0,0,0,0,0,0,0,0,0,0,0,0,0,0,0,0,0,0,0,0,0,0,0,0,0,0,0,0,0,0,0,0,0,0,0,0,0,0,0,0,0,0,0,0,0,42,0,0,0,0,0,0,0,0,0,0,0,0,0,0,0,62,0,70,4,0,0,0,3,0,0,0,0,0,0,0,0,0,0,0,0,0,79,9,0,0,0,0,64,0,0,0,0,0,0,0,0,0,72,0,0,0,0,42,0,72,0,0,0,0,0,0,0,0,0,0,85,0,0,0,0,0,0,32,0,0,0,0,1,62,0,0,18,30,99,0,57,0,0,0,0,0,0,0,33,0,0,0,0,0,0,0,0,0,27,0,0,0,0,0,94,53,53,36,0,0,0,0,0,0,83,0,0,0,0,0,0,0,0,0,0,91,0,0,0,32,0,0,44,0,5,0,62,59,0,0,0,0,10,92,0,0,0,0,0,49,0,0,0,0,48,0,0,0,0,0,0,0,0,0,0,0,0,0,0,0,0,29,0,0,71,7,0,0,0,0,67,0,0,0,83,31,43,0,0,0,0,0,0,0,0,0,0,0,0,0
"89",0,0,0,0,0,0,0,0,0,0,0,0,0,0,0,0,0,0,0,0,0,0,0,0,0,0,0,0,0,0,0,0,0,0,0,0,0,0,0,0,0,0,0,0,0,0,0,0,0,0,0,0,0,0,0,0,0,0,0,0,0,0,0,0,0,0,0,0,0,0,0,0,0,0,0,0,0,0,0,0,0,0,0,0,0,0,0,0,0,37,0,29,0,0,0,0,0,0,90,64,0,0,0,0,13,47,0,0,71,0,0,0,0,86,0,16,0,0,97,0,0,0,58,0,23,0,84,0,95,34,26,0,64,0,74,0,0,0,89,37,92,0,0,0,41,0,0,0,0,0,0,11,0,0,0,0,0,0,0,96,0,0,0,0,0,0,75,0,0,0,0,0,0,0,0,10,0,0,2,0,0,22,0,0,0,0,0,94,0,0,0,0,0,0,0,0,100,0,0,0,0,2,14,23,0,0,0,67,0,0,0,0,69,0,0,0,0,97,0,0,63,0,0,51,0,0,0,0,0,24,24,0,0,0,0,76,0,0,11,0,0,0,0,0,0,0,65,41,0,2,0,59,0,0,0,99,0,0,0,0,97,0,0,0,0,0,0,0,45,0,0,0,0,0,0,0,0,0,0,0,84,0,66,0,0,0,0,0,0,32,74,32,0,0,0,0,44,49,0,0
"90",0,0,0,0,0,0,0,0,0,0,0,0,0,0,0,0,0,0,0,0,0,0,0,0,0,0,0,0,0,0,0,0,0,0,0,0,0,0,0,0,0,0,0,0,0,0,0,0,0,0,0,0,0,0,0,0,0,0,0,0,0,0,0,0,0,0,0,0,0,0,0,0,0,0,0,0,0,0,0,0,0,0,0,0,0,0,0,0,92,0,0,13,0,0,0,0,0,86,0,90,0,0,56,0,0,28,0,0,0,0,0,0,0,0,0,0,0,0,0,0,0,0,0,0,0,0,26,0,0,0,8,0,0,92,0,0,0,17,0,0,0,0,0,0,82,48,0,0,82,79,0,61,0,0,0,23,0,0,0,0,0,65,0,0,10,0,0,0,0,0,55,0,34,57,0,0,49,0,0,0,21,0,8,81,0,0,0,0,0,0,0,0,33,0,0,0,0,100,0,0,72,84,24,0,0,0,0,0,0,0,0,55,0,0,0,0,0,0,80,0,58,0,0,0,0,0,20,0,0,0,0,0,0,0,0,0,47,0,32,97,36,0,0,0,0,0,0,0,0,0,0,0,49,0,0,45,83,0,0,0,0,0,0,0,0,0,56,0,0,0,37,0,0,0,100,0,0,0,0,0,0,0,0,0,0,0,0,0,0,0,0,0,14,0,0,0,54,0,0,0
"91",0,0,0,0,0,0,0,0,0,0,0,0,0,0,0,0,0,0,0,0,0,0,0,0,0,0,0,0,0,0,0,0,0,0,0,0,0,0,0,0,0,0,0,0,0,0,0,0,0,0,0,0,0,0,0,0,0,0,0,0,0,0,0,0,0,0,0,0,0,0,0,0,0,0,0,0,0,0,0,0,0,0,0,0,0,0,0,0,0,0,0,0,18,0,0,0,88,0,0,0,0,0,0,86,50,0,0,0,0,41,0,0,62,99,0,0,0,0,0,72,0,0,0,0,52,0,66,0,25,0,0,0,0,33,0,0,0,0,0,0,0,0,0,0,83,0,82,0,0,0,72,0,16,0,0,0,0,26,9,0,0,17,0,0,54,0,0,0,0,5,0,0,55,81,0,0,0,0,0,0,0,0,0,0,0,0,0,0,0,40,0,27,100,0,31,0,0,0,0,0,0,53,25,0,0,0,0,0,0,0,57,61,49,0,0,61,0,0,50,0,45,0,0,0,48,0,0,0,0,88,0,0,0,42,95,0,0,0,56,0,54,94,0,97,0,8,0,0,0,0,0,0,0,2,0,0,0,0,15,0,0,0,0,0,0,8,0,73,78,0,53,55,0,0,0,89,0,0,65,0,0,51,0,0,26,0,0,16,0,98,0,0,0,0,0,92,40,0,0,99
"92",0,0,0,0,0,0,0,0,0,0,0,0,0,0,0,0,0,0,0,0,0,0,0,0,0,0,0,0,0,0,0,0,0,0,0,0,0,0,0,0,0,0,0,0,0,0,0,0,0,0,0,0,0,0,0,0,0,0,0,0,0,0,0,0,0,0,0,0,0,0,0,0,0,0,0,0,0,0,0,0,0,0,0,0,0,0,0,0,0,0,0,0,0,78,0,0,0,0,0,0,0,0,0,0,53,0,0,96,0,0,90,0,0,0,20,0,30,0,0,0,0,0,0,0,59,97,0,0,0,0,0,0,4,0,0,90,94,80,0,0,0,0,0,17,0,0,0,0,0,20,65,0,0,0,86,35,92,0,0,0,0,0,0,0,51,0,0,0,88,0,9,30,0,0,0,0,0,14,0,0,0,0,0,0,87,0,0,78,0,0,0,0,0,0,0,0,0,0,0,0,0,0,0,0,0,100,0,29,0,0,0,62,13,0,0,0,0,0,0,0,0,0,0,0,0,0,43,0,0,0,0,60,86,0,0,43,0,0,0,0,0,0,0,67,0,0,59,0,0,43,0,34,0,0,0,89,36,55,0,20,10,87,72,36,3,0,0,86,9,0,0,0,0,38,30,0,0,15,84,0,0,0,74,5,0,0,0,0,68,0,0,0,0,0,0,0,0,0,0,9
"93",0,0,0,0,0,0,0,0,0,0,0,0,0,0,0,0,0,0,0,0,0,0,0,0,0,0,0,0,0,0,0,0,0,0,0,0,0,0,0,0,0,0,0,0,0,0,0,0,0,0,0,0,0,0,0,0,0,0,0,0,0,0,0,0,0,0,0,0,0,0,0,0,0,0,0,0,0,0,0,0,0,0,0,0,0,0,0,0,0,0,0,0,23,42,0,0,0,0,40,49,0,0,0,77,0,0,14,0,0,0,0,0,82,0,0,85,0,19,0,51,0,5,0,99,74,0,27,29,68,0,0,0,0,0,0,12,27,0,0,68,68,43,20,0,0,0,0,0,0,0,91,0,0,0,0,0,0,18,93,0,0,0,0,0,0,0,0,69,0,0,0,29,0,36,0,0,0,0,0,0,0,0,75,38,33,0,0,55,0,0,0,0,0,0,56,28,60,0,0,93,71,0,0,8,0,98,0,0,0,0,36,0,0,0,19,0,0,0,0,0,87,0,0,0,0,0,0,87,0,0,0,54,58,36,0,0,55,0,0,9,0,0,0,75,89,0,0,0,47,0,0,0,47,34,0,0,0,0,0,0,0,0,21,0,15,0,80,0,0,10,84,0,0,0,0,0,0,0,0,0,0,0,0,97,0,0,0,49,0,0,0,0,0,0,0,0,49,0,0,0
"94",0,0,0,0,0,0,0,0,0,0,0,0,0,0,0,0,0,0,0,0,0,0,0,0,0,0,0,0,0,0,0,0,0,0,0,0,0,0,0,0,0,0,0,0,0,0,0,0,0,0,0,0,0,0,0,0,0,0,0,0,0,0,0,0,0,0,0,0,0,0,0,0,0,0,0,0,0,0,0,0,0,0,0,0,0,0,0,0,0,0,0,0,0,0,0,0,0,93,0,0,0,0,0,0,0,0,0,0,0,70,0,0,85,0,0,0,0,0,0,0,32,0,0,53,0,4,0,0,0,0,0,0,30,0,0,0,0,33,0,24,0,0,0,0,0,31,0,0,90,0,0,0,0,0,78,0,0,0,0,27,93,8,0,0,0,0,0,0,0,20,0,0,65,0,0,0,0,21,0,0,0,0,80,0,0,0,60,25,0,0,0,74,0,5,11,0,0,0,0,0,0,0,19,9,83,0,0,0,0,97,0,48,0,0,0,0,0,0,39,53,0,0,0,47,37,0,14,72,12,0,0,0,73,0,17,32,0,0,96,0,0,0,0,0,0,57,0,0,0,34,0,0,0,0,0,0,0,0,0,81,0,0,0,97,0,64,0,0,0,0,0,0,0,32,32,0,0,22,0,0,25,0,0,0,0,0,0,0,0,0,0,0,44,0,0,0,0,0,95,0
"95",0,0,0,0,0,0,0,0,0,0,0,0,0,0,0,0,0,0,0,0,0,0,0,0,0,0,0,0,0,0,0,0,0,0,0,0,0,0,0,0,0,0,0,0,0,0,0,0,0,0,0,0,0,0,0,0,0,0,0,0,0,0,0,0,0,0,0,0,0,0,0,0,0,0,0,0,0,0,0,0,0,0,0,0,0,0,0,0,0,0,0,0,0,0,0,0,0,0,0,39,0,22,0,0,0,0,0,35,0,0,88,20,0,0,0,0,0,63,0,0,0,0,0,0,0,64,0,23,0,0,0,20,0,0,0,32,0,0,52,0,0,62,0,0,0,0,0,20,81,0,0,0,0,0,0,0,0,82,0,0,0,0,3,86,0,0,0,0,59,65,0,0,0,83,0,0,0,51,0,0,0,64,0,78,0,0,54,0,0,0,0,0,28,82,0,0,0,0,0,0,0,60,0,0,0,0,0,0,55,100,57,57,0,0,0,0,0,0,85,0,7,0,59,57,2,0,0,0,19,88,0,0,0,1,0,0,0,0,0,0,0,0,0,77,0,0,0,0,0,0,0,0,24,0,0,15,0,45,0,0,27,0,0,0,0,0,0,30,19,0,39,0,0,21,0,0,0,0,0,0,61,71,0,0,0,0,0,0,0,0,0,0,0,0,0,0,36,0,0,0
"96",0,0,0,0,0,0,0,0,0,0,0,0,0,0,0,0,0,0,0,0,0,0,0,0,0,0,0,0,0,0,0,0,0,0,0,0,0,0,0,0,0,0,0,0,0,0,0,0,0,0,0,0,0,0,0,0,0,0,0,0,0,0,0,0,0,0,0,0,0,0,0,0,0,0,0,0,0,0,0,0,0,0,0,0,0,0,0,0,0,0,0,0,0,0,0,0,0,0,0,0,0,98,0,0,0,0,6,0,0,0,82,0,78,41,0,3,0,0,0,0,0,0,0,0,0,0,0,0,0,13,0,0,0,22,19,0,0,0,0,0,0,0,0,0,0,45,79,0,64,0,54,0,0,0,0,0,27,88,100,0,0,0,11,90,45,0,0,0,19,0,0,0,0,0,0,83,0,0,0,0,40,0,0,87,0,0,0,0,41,0,6,21,0,0,0,58,0,0,0,0,93,0,0,0,0,0,67,0,0,0,0,0,0,96,0,0,0,0,0,14,0,0,93,59,0,0,88,87,0,0,0,0,0,0,0,0,0,0,64,96,0,0,0,0,0,0,0,0,0,32,89,0,0,0,41,0,81,0,0,92,0,95,65,0,0,6,52,42,59,84,0,0,0,84,0,0,0,0,0,0,0,0,0,0,0,0,0,1,0,0,0,0,64,0,33,0,45,0,3,37
"97",0,0,0,0,0,0,0,0,0,0,0,0,0,0,0,0,0,0,0,0,0,0,0,0,0,0,0,0,0,0,0,0,0,0,0,0,0,0,0,0,0,0,0,0,0,0,0,0,0,0,0,0,0,0,0,0,0,0,0,0,0,0,0,0,0,0,0,0,0,0,0,0,0,0,0,0,0,0,0,0,0,0,0,0,0,0,0,0,0,0,0,0,0,0,0,0,2,0,0,0,0,0,0,0,0,0,0,0,0,0,11,0,0,71,0,0,65,0,0,0,89,0,0,0,0,0,0,0,0,0,0,0,0,0,78,0,45,0,0,0,0,0,73,0,0,77,0,0,0,0,0,0,0,0,0,0,0,0,0,0,0,0,65,0,0,87,0,86,67,0,70,0,0,0,0,47,0,0,0,0,0,0,0,24,0,43,0,0,0,39,0,0,0,0,0,0,0,0,0,0,0,0,78,0,0,0,0,0,95,0,0,0,0,0,0,0,0,61,0,0,0,0,0,0,0,0,0,0,0,0,20,0,0,0,53,17,0,69,0,0,85,0,0,34,96,0,70,0,0,0,0,0,39,0,0,96,0,8,0,7,59,0,86,0,0,93,0,0,0,50,0,0,55,0,6,0,0,0,0,0,0,12,45,39,0,0,0,0,0,85,0,0,0,0,0,100,0,0,0,58
"98",0,0,0,0,0,0,0,0,0,0,0,0,0,0,0,0,0,0,0,0,0,0,0,0,0,0,0,0,0,0,0,0,0,0,0,0,0,0,0,0,0,0,0,0,0,0,0,0,0,0,0,0,0,0,0,0,0,0,0,0,0,0,0,0,0,0,0,0,0,0,0,0,0,0,0,0,0,0,0,0,0,0,0,0,0,0,0,0,0,0,0,0,0,0,0,0,0,0,13,20,0,0,0,0,51,32,0,0,0,0,0,0,0,0,0,0,0,0,0,0,0,0,0,91,0,0,0,0,0,0,0,0,45,0,0,0,25,0,0,0,94,0,0,0,0,22,0,0,0,0,0,29,84,40,0,0,0,0,0,22,0,0,0,0,0,0,0,0,0,0,0,0,0,38,0,56,0,0,24,0,0,0,0,0,0,0,0,0,25,0,30,0,0,0,0,85,0,46,32,89,0,0,80,0,0,0,0,0,0,0,30,15,35,0,29,0,0,0,0,0,0,0,0,0,83,0,28,12,31,0,0,0,0,0,0,0,70,0,32,96,74,87,0,0,55,0,76,4,0,92,23,0,72,0,0,2,67,0,0,0,78,41,0,0,0,0,0,62,0,0,0,92,85,0,21,0,86,0,0,91,0,0,0,75,99,0,0,0,0,0,0,0,71,0,0,88,0,0,0,0
"99",0,0,0,0,0,0,0,0,0,0,0,0,0,0,0,0,0,0,0,0,0,0,0,0,0,0,0,0,0,0,0,0,0,0,0,0,0,0,0,0,0,0,0,0,0,0,0,0,0,0,0,0,0,0,0,0,0,0,0,0,0,0,0,0,0,0,0,0,0,0,0,0,0,0,0,0,0,0,0,0,0,0,0,0,0,0,0,0,0,0,0,0,0,0,0,0,0,0,0,0,0,0,0,58,0,0,93,0,11,0,0,0,0,0,0,0,0,0,0,54,21,0,0,78,39,0,73,85,0,0,0,0,0,0,75,0,0,0,0,0,0,0,0,0,0,0,0,5,0,0,0,83,83,0,17,0,99,0,0,0,0,22,0,0,51,0,0,0,0,35,0,0,79,0,0,0,0,0,0,0,0,55,19,0,0,94,0,25,0,38,0,0,0,0,0,0,0,0,0,0,0,0,0,0,12,0,0,0,0,0,73,0,0,0,0,0,0,70,0,0,3,0,0,0,0,0,0,83,0,0,6,82,0,0,0,0,89,0,92,0,0,80,0,0,0,0,0,0,71,0,92,90,0,32,0,0,0,0,0,0,0,0,0,0,37,0,0,99,0,0,45,0,0,0,0,0,0,56,0,0,0,0,9,0,0,0,0,0,11,0,0,36,2,22,0,0,0,73,0,0
"100",0,0,0,0,0,0,0,0,0,0,0,0,0,0,0,0,0,0,0,0,0,0,0,0,0,0,0,0,0,0,0,0,0,0,0,0,0,0,0,0,0,0,0,0,0,0,0,0,0,0,0,0,0,0,0,0,0,0,0,0,0,0,0,0,0,0,0,0,0,0,0,0,0,0,0,0,0,0,0,0,0,0,0,0,0,0,0,0,0,0,0,0,0,0,0,0,0,0,41,0,93,36,0,0,0,0,74,46,0,40,0,0,0,0,0,26,0,0,0,0,0,0,0,0,90,64,0,0,0,0,0,0,47,68,0,0,0,0,0,0,0,84,0,0,0,79,0,0,0,0,0,0,0,0,65,0,0,0,0,0,37,0,0,0,0,35,11,0,0,0,62,0,0,53,0,0,0,0,0,0,39,0,0,92,0,5,0,0,0,0,82,0,0,96,68,81,0,44,25,0,0,0,0,0,63,21,33,70,0,0,32,12,0,57,83,0,51,86,0,0,0,71,25,0,0,0,0,0,0,0,0,0,0,10,0,0,0,0,0,0,33,34,50,0,0,0,0,46,33,17,0,0,0,0,0,0,0,0,0,0,0,0,0,35,70,63,0,0,0,0,0,0,0,0,0,0,0,98,0,0,0,0,0,0,0,65,0,39,0,0,0,0,0,0,85,0,96,0,90,0
"101",0,0,0,0,0,0,0,0,0,0,0,0,0,0,0,0,0,0,0,0,0,0,0,0,0,0,0,0,0,0,0,0,0,0,0,0,0,0,0,0,0,0,0,0,0,0,0,0,0,0,0,0,0,0,0,0,0,0,0,0,0,0,0,0,0,0,0,0,0,0,0,0,0,0,0,0,0,0,0,0,0,0,0,0,0,0,0,0,0,0,0,0,0,0,0,0,0,0,0,0,0,0,0,2,0,3,0,0,0,0,0,0,0,45,0,0,100,0,12,0,0,0,0,79,87,0,0,83,0,0,89,0,0,0,0,0,0,0,0,39,90,0,9,0,0,0,0,0,0,0,0,0,0,0,0,0,35,8,0,0,0,94,0,0,0,0,91,88,0,0,18,0,0,0,41,0,0,56,0,0,79,0,0,48,0,0,0,0,39,0,0,24,0,0,0,0,0,0,0,0,0,12,0,28,66,0,0,0,62,0,0,0,38,0,0,0,67,0,0,0,0,0,0,0,0,65,0,0,0,0,0,0,0,92,0,0,72,0,75,0,0,0,0,8,0,0,43,100,76,47,0,0,85,0,13,0,0,0,0,0,0,0,0,0,0,0,0,0,0,0,0,0,0,0,0,0,44,0,0,0,0,0,0,71,33,0,57,0,0,0,25,0,0,0,0,0,0,52,0,0
"102",0,0,0,0,0,0,0,0,0,0,0,0,0,0,0,0,0,0,0,0,0,0,0,0,0,0,0,0,0,0,0,0,0,0,0,0,0,0,0,0,0,0,0,0,0,0,0,0,0,0,0,0,0,0,0,0,0,0,0,0,0,0,0,0,0,0,0,0,0,0,0,0,0,0,0,0,0,0,0,0,0,0,0,0,0,0,0,0,0,0,0,0,0,0,0,0,0,0,0,0,0,0,0,0,0,0,84,38,0,7,0,0,23,0,0,0,72,87,0,0,0,40,0,22,63,0,0,0,0,68,1,0,0,0,51,92,0,0,0,0,0,0,0,18,0,92,0,0,0,93,59,0,0,0,69,0,0,42,0,95,0,37,98,2,0,0,46,0,0,0,0,0,5,0,0,0,51,84,31,0,0,0,82,0,52,20,0,60,0,0,0,27,96,0,41,0,21,0,0,0,0,0,0,0,0,0,0,0,0,0,80,0,0,0,0,0,0,87,0,16,93,39,77,0,0,0,0,84,0,0,0,25,0,74,0,0,0,0,72,0,0,0,90,69,0,0,3,0,0,0,0,69,0,0,0,0,0,0,0,0,26,0,0,0,0,0,0,0,8,0,0,47,0,0,0,0,0,0,0,0,0,33,0,0,0,0,0,0,0,99,0,0,0,38,0,80,0,73,0,13
"103",0,0,0,0,0,0,0,0,0,0,0,0,0,0,0,0,0,0,0,0,0,0,0,0,0,0,0,0,0,0,0,0,0,0,0,0,0,0,0,0,0,0,0,0,0,0,0,0,0,0,0,0,0,0,0,0,0,0,0,0,0,0,0,0,0,0,0,0,0,0,0,0,0,0,0,0,0,0,0,0,0,0,0,0,0,0,0,0,0,0,0,0,0,0,0,0,0,0,0,0,0,0,75,95,65,0,0,0,0,0,0,41,0,87,0,0,4,0,0,0,91,0,0,0,0,0,0,29,0,15,0,0,0,54,90,0,0,0,0,0,0,0,0,0,0,0,0,0,0,0,3,51,63,0,0,0,50,31,0,0,12,0,0,0,48,98,0,88,0,0,0,99,0,0,43,0,0,0,0,0,0,0,0,0,0,0,0,0,0,0,48,0,0,0,0,0,100,0,0,0,0,0,80,0,0,85,0,0,74,0,25,0,0,0,34,8,61,18,0,6,0,8,0,0,0,0,0,0,83,0,0,0,0,0,0,0,0,0,0,0,0,0,0,0,70,0,0,0,0,78,0,0,0,0,0,0,0,0,0,0,0,0,0,0,67,44,0,0,58,0,84,0,89,0,25,63,10,0,0,0,0,0,93,0,0,0,0,0,0,0,39,0,0,0,0,0,0,0,18,0
"104",0,0,0,0,0,0,0,0,0,0,0,0,0,0,0,0,0,0,0,0,0,0,0,0,0,0,0,0,0,0,0,0,0,0,0,0,0,0,0,0,0,0,0,0,0,0,0,0,0,0,0,0,0,0,0,0,0,0,0,0,0,0,0,0,0,0,0,0,0,0,0,0,0,0,0,0,0,0,0,0,0,0,0,0,0,0,0,0,0,0,0,0,0,0,0,0,0,0,0,0,0,0,0,70,76,70,0,0,87,0,0,96,0,0,0,0,93,35,93,0,0,0,34,28,0,0,0,18,31,0,71,0,0,0,0,76,0,0,0,0,82,0,0,0,0,0,0,0,0,0,0,0,0,0,30,0,0,0,0,0,23,0,0,0,0,4,0,0,81,77,0,0,78,0,0,69,0,0,0,42,52,0,68,0,0,54,0,45,0,0,0,15,0,0,0,98,0,64,0,75,0,0,0,0,0,0,0,0,25,0,0,0,0,0,75,0,16,0,0,0,0,0,100,0,0,95,0,0,88,0,0,46,0,0,0,85,72,0,0,0,0,0,57,2,35,24,0,0,46,0,0,0,0,0,0,0,0,82,0,83,0,54,0,0,0,24,0,0,0,0,0,0,0,7,70,99,13,31,0,0,0,15,0,0,0,0,0,23,0,0,0,96,0,0,58,0,27,0,48,0
"105",0,0,0,0,0,0,0,0,0,0,0,0,0,0,0,0,0,0,0,0,0,0,0,0,0,0,0,0,0,0,0,0,0,0,0,0,0,0,0,0,0,0,0,0,0,0,0,0,0,0,0,0,0,0,0,0,0,0,0,0,0,0,0,0,0,0,0,0,0,0,0,0,0,0,0,0,0,0,0,0,0,0,0,0,0,0,0,0,0,0,0,0,0,0,0,0,0,0,0,0,0,0,0,0,0,0,0,0,0,0,0,0,0,0,0,0,0,0,0,0,0,82,0,24,0,0,0,0,0,0,17,0,0,0,79,0,0,0,0,0,0,0,0,0,0,0,0,0,0,0,0,0,0,0,0,0,54,0,0,0,18,0,0,0,0,0,95,0,13,0,0,0,0,0,0,0,0,0,52,0,3,0,0,0,0,0,0,0,0,19,0,0,0,61,0,30,0,39,0,0,29,0,0,0,0,0,0,0,78,0,0,45,30,0,46,0,0,0,0,21,0,0,0,43,36,0,0,50,0,10,0,0,0,0,0,6,0,85,0,0,0,0,0,0,0,0,0,67,16,0,0,0,0,0,0,0,0,0,39,0,0,0,44,0,0,0,0,0,93,0,0,0,0,34,0,0,0,0,34,14,0,0,0,0,0,39,0,0,52,0,87,31,0,0,0,0,0,0,0,0
"106",0,0,0,0,0,0,0,0,0,0,0,0,0,0,0,0,0,0,0,0,0,0,0,0,0,0,0,0,0,0,0,0,0,0,0,0,0,0,0,0,0,0,0,0,0,0,0,0,0,0,0,0,0,0,0,0,0,0,0,0,0,0,0,0,0,0,0,0,0,0,0,0,0,0,0,0,0,0,0,0,0,0,0,0,0,0,0,0,0,0,0,0,0,0,0,0,0,0,0,0,0,0,0,0,0,0,0,43,0,0,70,11,44,0,0,0,15,5,0,62,82,66,18,0,0,0,0,69,0,0,27,58,0,0,0,0,0,41,0,0,0,0,0,0,0,0,0,0,0,0,93,0,0,0,0,16,0,0,0,0,24,0,0,0,0,73,0,48,0,0,0,0,0,0,0,14,0,99,14,0,10,47,2,29,0,47,45,0,0,0,0,0,0,0,55,0,97,0,0,0,0,0,40,0,0,37,0,0,0,0,0,36,0,0,48,0,0,76,39,0,0,0,90,0,0,0,0,10,0,28,0,0,0,0,0,0,0,0,0,0,0,0,38,0,0,0,81,0,88,16,0,0,0,0,15,0,55,12,0,0,32,87,81,0,0,0,0,82,0,0,30,28,56,0,0,0,5,0,0,0,12,8,0,0,0,0,0,0,0,0,30,0,52,0,91,0,0,0,84,68
"107",0,0,0,0,0,0,0,0,0,0,0,0,0,0,0,0,0,0,0,0,0,0,0,0,0,0,0,0,0,0,0,0,0,0,0,0,0,0,0,0,0,0,0,0,0,0,0,0,0,0,0,0,0,0,0,0,0,0,0,0,0,0,0,0,0,0,0,0,0,0,0,0,0,0,0,0,0,0,0,0,0,0,0,0,0,0,0,0,0,0,0,0,0,0,0,0,0,0,0,0,0,0,0,0,0,0,0,69,0,0,0,0,0,0,0,0,47,3,0,0,76,0,0,0,75,0,0,0,4,0,0,75,67,100,0,0,24,0,0,0,0,0,0,47,0,62,56,0,13,22,0,49,0,0,0,0,1,0,0,0,0,0,0,14,0,0,0,0,0,0,0,48,0,0,24,0,0,0,39,50,49,0,0,0,52,0,57,33,45,0,0,0,79,63,0,0,0,0,87,83,81,0,43,0,0,0,63,0,0,0,0,97,73,70,71,0,0,0,0,0,0,21,0,0,0,0,0,0,0,0,0,0,0,0,0,0,6,37,2,0,0,0,0,99,0,0,0,0,0,0,0,0,0,0,0,56,60,0,0,98,64,0,70,0,0,100,0,43,0,0,0,44,62,0,0,0,0,0,0,69,0,48,0,0,92,0,0,0,0,0,0,0,0,0,0,0,0,0,0,0
"108",0,0,0,0,0,0,0,0,0,0,0,0,0,0,0,0,0,0,0,0,0,0,0,0,0,0,0,0,0,0,0,0,0,0,0,0,0,0,0,0,0,0,0,0,0,0,0,0,0,0,0,0,0,0,0,0,0,0,0,0,0,0,0,0,0,0,0,0,0,0,0,0,0,0,0,0,0,0,0,0,0,0,0,0,0,0,0,0,0,0,0,0,0,0,0,0,0,0,0,0,0,0,0,0,0,0,5,0,79,0,51,0,0,0,0,95,0,0,0,40,0,0,0,88,65,0,62,0,62,0,0,0,0,0,52,0,0,0,0,0,0,0,0,55,0,14,0,47,0,0,46,43,0,0,0,0,0,0,0,0,84,0,0,50,0,0,0,0,0,0,0,91,75,59,0,0,0,0,0,0,0,51,0,0,0,0,0,0,0,11,65,0,0,14,0,0,0,0,0,0,0,7,0,90,0,0,0,0,0,0,0,0,0,13,0,0,35,0,77,0,0,0,0,0,5,0,0,0,82,0,95,0,0,0,0,0,69,0,0,18,0,0,67,0,0,0,0,19,0,0,0,0,0,0,71,0,0,36,0,42,0,67,0,64,0,0,16,0,0,0,0,0,0,0,0,0,0,0,0,43,0,0,0,0,0,0,0,69,99,28,0,0,0,0,0,0,0,72,0,0
"109",0,0,0,0,0,0,0,0,0,0,0,0,0,0,0,0,0,0,0,0,0,0,0,0,0,0,0,0,0,0,0,0,0,0,0,0,0,0,0,0,0,0,0,0,0,0,0,0,0,0,0,0,0,0,0,0,0,0,0,0,0,0,0,0,0,0,0,0,0,0,0,0,0,0,0,0,0,0,0,0,0,0,0,0,0,0,0,0,0,0,0,0,0,0,0,0,0,0,0,0,0,0,0,0,0,0,0,0,9,41,0,0,99,0,35,0,0,0,0,0,0,0,0,0,0,0,0,29,58,0,0,0,0,0,0,0,0,16,0,0,60,24,0,0,58,0,50,0,0,0,0,0,0,0,0,0,0,0,0,0,0,0,95,42,0,0,97,0,65,0,0,0,0,14,0,0,0,0,0,80,41,0,0,0,0,0,2,0,0,0,0,0,0,0,40,0,66,0,43,0,0,0,80,0,59,0,0,0,0,0,23,0,0,0,0,78,0,0,0,0,72,56,0,0,0,0,45,0,34,0,0,36,40,0,0,57,9,0,0,0,60,0,0,76,0,43,0,0,0,54,0,0,0,33,0,0,0,14,0,0,0,41,0,16,0,52,0,0,0,0,0,0,0,8,64,0,0,0,75,0,0,96,0,0,0,0,0,0,0,52,0,0,0,13,40,0,51,23,96,0
"110",0,0,0,0,0,0,0,0,0,0,0,0,0,0,0,0,0,0,0,0,0,0,0,0,0,0,0,0,0,0,0,0,0,0,0,0,0,0,0,0,0,0,0,0,0,0,0,0,0,0,0,0,0,0,0,0,0,0,0,0,0,0,0,0,0,0,0,0,0,0,0,0,0,0,0,0,0,0,0,0,0,0,0,0,0,0,0,0,0,0,0,0,0,0,0,0,0,0,0,0,0,0,0,0,0,0,0,0,0,92,74,0,0,14,81,96,0,52,0,47,17,0,0,72,0,0,0,0,0,19,85,0,0,0,0,79,62,0,0,79,21,57,0,0,48,0,0,0,0,0,0,0,0,0,81,48,0,0,0,0,79,0,0,0,0,0,35,25,0,0,2,0,92,27,98,0,0,0,0,42,0,0,27,0,0,0,0,12,0,0,0,94,100,0,0,0,0,0,63,0,12,0,0,0,0,26,50,0,0,66,56,0,0,0,0,0,0,0,89,46,100,0,0,11,0,0,0,0,0,0,0,0,0,0,0,0,94,0,0,0,50,61,0,100,0,0,15,0,11,0,11,0,6,0,0,54,0,2,0,49,0,0,22,0,0,0,0,0,0,0,0,0,0,0,0,30,0,27,7,78,89,9,0,0,0,0,0,78,0,0,100,0,0,0,0,61,0,0,0,63
"111",0,0,0,0,0,0,0,0,0,0,0,0,0,0,0,0,0,0,0,0,0,0,0,0,0,0,0,0,0,0,0,0,0,0,0,0,0,0,0,0,0,0,0,0,0,0,0,0,0,0,0,0,0,0,0,0,0,0,0,0,0,0,0,0,0,0,0,0,0,0,0,0,0,0,0,0,0,0,0,0,0,0,0,0,0,0,0,0,0,0,0,0,0,0,0,0,0,0,0,0,0,0,0,0,0,0,0,0,0,0,0,0,0,0,30,0,0,47,0,0,22,90,0,0,0,99,27,0,0,0,0,0,0,36,0,0,0,0,0,0,40,0,0,0,0,0,0,0,67,0,0,0,94,0,0,0,0,0,0,0,0,35,0,0,0,50,0,99,22,0,0,13,0,0,0,40,0,0,0,0,0,0,0,3,0,0,0,0,0,0,0,0,0,87,0,0,0,77,90,0,0,0,0,0,0,82,0,0,21,0,53,0,0,0,54,0,0,0,0,0,0,0,0,0,50,0,67,6,0,0,0,2,0,0,0,0,0,0,0,0,0,0,0,100,0,0,0,2,0,0,0,0,0,0,94,44,0,0,0,0,0,0,0,13,0,0,0,0,0,0,0,0,0,0,0,0,55,86,0,0,0,0,0,0,60,0,32,0,0,0,25,0,0,0,17,0,0,0,0,0
"112",0,0,0,0,0,0,0,0,0,0,0,0,0,0,0,0,0,0,0,0,0,0,0,0,0,0,0,0,0,0,0,0,0,0,0,0,0,0,0,0,0,0,0,0,0,0,0,0,0,0,0,0,0,0,0,0,0,0,0,0,0,0,0,0,0,0,0,0,0,0,0,0,0,0,0,0,0,0,0,0,0,0,0,0,0,0,0,0,0,0,0,0,0,0,0,0,0,0,0,0,0,0,0,0,0,0,0,0,0,0,0,0,0,0,0,72,0,0,0,38,11,0,0,0,90,0,0,0,0,33,0,40,0,0,0,23,0,0,0,18,61,0,0,0,0,27,0,94,0,0,0,0,0,0,0,0,0,0,0,0,0,0,0,34,30,95,17,0,0,0,0,82,0,20,0,86,0,0,0,93,70,0,0,0,11,99,0,0,0,73,0,0,0,0,0,0,0,0,0,0,0,0,0,45,0,39,0,0,0,47,43,0,0,0,71,0,0,0,33,0,0,0,0,0,34,0,40,0,63,0,0,0,7,64,0,0,0,0,0,0,37,0,0,70,0,0,0,0,0,96,4,11,0,0,28,89,100,51,0,0,63,0,0,0,0,0,51,0,1,0,0,0,0,0,5,0,0,0,0,0,0,8,0,17,22,98,0,0,0,99,0,0,0,0,0,0,0,40,0,0
"113",0,0,0,0,0,0,0,0,0,0,0,0,0,0,0,0,0,0,0,0,0,0,0,0,0,0,0,0,0,0,0,0,0,0,0,0,0,0,0,0,0,0,0,0,0,0,0,0,0,0,0,0,0,0,0,0,0,0,0,0,0,0,0,0,0,0,0,0,0,0,0,0,0,0,0,0,0,0,0,0,0,0,0,0,0,0,0,0,0,0,0,0,0,0,0,0,0,0,0,0,0,0,0,0,0,0,0,0,0,0,0,18,0,0,0,0,0,0,0,0,50,0,0,0,0,0,0,0,0,0,0,0,0,0,0,32,46,0,90,0,0,0,0,0,0,0,0,0,0,0,0,0,0,0,0,0,34,0,0,17,0,0,0,0,0,0,0,21,33,0,17,0,41,92,0,0,0,36,60,0,0,0,0,0,68,0,0,0,0,33,0,0,0,0,18,65,0,0,0,0,0,0,0,0,0,0,0,0,40,0,58,0,0,0,0,0,0,0,0,0,0,0,0,15,0,0,0,97,55,0,0,0,0,61,0,0,0,0,0,0,0,98,0,45,21,44,28,0,0,52,0,0,43,0,0,0,0,0,82,0,97,0,0,0,0,0,0,0,0,0,0,0,0,0,3,0,0,0,0,2,1,0,81,0,69,0,0,0,0,0,0,0,0,0,0,0,0,0,0,0
"114",0,0,0,0,0,0,0,0,0,0,0,0,0,0,0,0,0,0,0,0,0,0,0,0,0,0,0,0,0,0,0,0,0,0,0,0,0,0,0,0,0,0,0,0,0,0,0,0,0,0,0,0,0,0,0,0,0,0,0,0,0,0,0,0,0,0,0,0,0,0,0,0,0,0,0,0,0,0,0,0,0,0,0,0,0,0,0,0,0,0,0,0,0,0,0,0,0,0,0,0,0,0,0,0,0,0,0,0,0,0,0,0,62,0,0,0,70,0,0,0,30,0,0,76,0,0,88,0,0,77,0,0,0,0,0,0,0,0,0,42,65,0,83,0,0,0,0,0,0,57,0,0,0,82,0,0,0,0,0,0,0,19,57,0,89,0,0,0,0,0,0,0,0,0,0,0,0,84,0,0,0,0,33,0,0,28,0,0,0,0,0,6,0,72,0,0,57,0,35,80,0,0,0,0,80,71,0,0,0,0,0,96,40,0,0,0,0,0,22,22,89,0,0,0,0,0,0,59,0,0,14,0,0,71,0,0,26,0,53,0,0,0,0,0,12,0,0,0,0,0,0,0,0,37,0,0,43,0,95,0,0,0,0,0,64,0,33,0,0,0,66,0,35,0,0,0,0,0,0,0,76,0,5,0,36,0,85,0,0,91,0,70,0,0,0,0,0,0,0,0
"115",0,0,0,0,0,0,0,0,0,0,0,0,0,0,0,0,0,0,0,0,0,0,0,0,0,0,0,0,0,0,0,0,0,0,0,0,0,0,0,0,0,0,0,0,0,0,0,0,0,0,0,0,0,0,0,0,0,0,0,0,0,0,0,0,0,0,0,0,0,0,0,0,0,0,0,0,0,0,0,0,0,0,0,0,0,0,0,0,0,0,0,0,0,0,0,0,0,0,0,0,0,0,0,0,0,0,0,0,0,0,0,0,0,0,0,0,0,0,0,0,0,33,7,82,32,0,38,0,0,0,55,0,0,0,0,0,0,0,10,0,0,0,0,0,3,0,21,0,0,0,79,0,0,71,0,0,0,16,69,0,0,0,0,0,0,0,0,0,0,0,0,0,0,42,67,0,0,0,0,0,0,0,0,0,0,0,5,0,0,0,0,9,0,0,0,0,0,48,0,12,31,64,0,0,0,0,52,0,0,0,0,0,0,0,83,0,0,0,0,15,0,0,45,0,0,0,0,0,0,0,13,46,0,0,0,0,0,9,0,0,45,0,40,0,39,65,0,80,1,0,0,0,0,0,0,0,64,0,0,41,2,0,0,38,0,0,0,0,0,4,0,0,0,0,0,0,0,0,0,0,0,0,0,0,0,0,14,0,0,66,100,0,0,0,0,0,20,0,78,0
"116",0,0,0,0,0,0,0,0,0,0,0,0,0,0,0,0,0,0,0,0,0,0,0,0,0,0,0,0,0,0,0,0,0,0,0,0,0,0,0,0,0,0,0,0,0,0,0,0,0,0,0,0,0,0,0,0,0,0,0,0,0,0,0,0,0,0,0,0,0,0,0,0,0,0,0,0,0,0,0,0,0,0,0,0,0,0,0,0,0,0,0,0,0,0,0,0,0,0,0,0,0,0,0,0,0,0,0,0,0,0,0,0,0,0,0,0,0,0,0,0,0,59,0,0,0,88,0,0,0,90,70,0,69,0,0,0,37,0,4,0,0,0,0,0,68,0,0,0,0,0,0,0,0,0,0,0,0,0,0,56,50,0,0,0,0,0,0,0,0,0,0,0,17,0,94,19,0,45,0,0,49,39,0,0,0,0,0,89,0,0,0,0,0,25,0,0,100,0,0,0,0,0,0,0,0,0,21,0,98,0,0,91,0,0,0,0,0,0,0,0,70,0,0,88,0,0,0,0,98,0,0,0,0,0,19,0,0,0,14,0,0,80,0,0,0,0,0,1,0,0,0,0,68,0,0,0,0,0,0,0,0,0,0,12,0,0,0,0,0,0,0,0,51,0,0,0,0,0,0,62,0,0,0,0,0,83,0,0,29,0,0,0,88,16,0,0,0,0,0,0
"117",0,0,0,0,0,0,0,0,0,0,0,0,0,0,0,0,0,0,0,0,0,0,0,0,0,0,0,0,0,0,0,0,0,0,0,0,0,0,0,0,0,0,0,0,0,0,0,0,0,0,0,0,0,0,0,0,0,0,0,0,0,0,0,0,0,0,0,0,0,0,0,0,0,0,0,0,0,0,0,0,0,0,0,0,0,0,0,0,0,0,0,0,0,0,0,0,0,0,0,0,0,0,0,0,0,0,0,0,0,0,0,0,0,0,0,0,0,22,0,0,0,7,0,0,0,88,11,0,0,47,86,2,0,0,0,0,0,0,0,0,0,63,60,0,3,0,75,0,0,0,0,90,53,0,0,0,0,0,0,0,100,0,0,0,0,0,6,0,0,0,0,0,91,0,0,7,34,0,0,5,0,0,85,82,72,0,28,39,0,0,0,66,97,0,0,0,33,0,0,0,0,0,0,0,26,0,0,0,0,34,0,24,100,0,0,0,0,0,0,0,92,24,23,0,0,8,0,94,0,0,0,0,0,0,17,0,85,0,0,0,0,0,0,63,78,0,0,0,0,55,0,0,89,9,0,0,0,0,56,0,0,0,0,0,0,0,44,0,0,0,52,31,0,0,0,0,0,0,0,0,68,0,0,0,0,0,0,0,0,0,0,7,0,0,0,0,0,0,0,0
"118",0,0,0,0,0,0,0,0,0,0,0,0,0,0,0,0,0,0,0,0,0,0,0,0,0,0,0,0,0,0,0,0,0,0,0,0,0,0,0,0,0,0,0,0,0,0,0,0,0,0,0,0,0,0,0,0,0,0,0,0,0,0,0,0,0,0,0,0,0,0,0,0,0,0,0,0,0,0,0,0,0,0,0,0,0,0,0,0,0,0,0,0,0,0,0,0,0,0,0,0,0,0,0,0,0,0,0,0,0,0,0,0,0,0,0,0,0,0,0,0,0,0,0,0,0,66,22,0,0,0,0,16,0,38,0,0,0,0,65,0,70,27,0,0,0,0,0,0,0,0,9,0,0,0,82,0,19,0,85,0,0,0,0,0,0,0,0,0,0,3,0,0,0,0,0,0,0,0,0,0,82,0,3,65,8,56,0,0,0,0,0,0,0,0,0,0,0,0,0,76,0,0,0,0,0,0,0,0,17,0,56,0,0,0,75,0,55,0,80,0,13,0,0,0,0,0,6,11,0,0,0,0,0,0,0,0,0,0,0,0,0,0,0,46,0,37,0,84,0,6,0,0,0,64,0,0,0,0,0,0,0,0,0,0,40,0,0,52,0,0,0,0,56,0,0,0,0,72,23,75,0,75,0,0,0,0,0,0,0,0,0,0,66,0,0,6,0,91,0,0
"119",0,0,0,0,0,0,0,0,0,0,0,0,0,0,0,0,0,0,0,0,0,0,0,0,0,0,0,0,0,0,0,0,0,0,0,0,0,0,0,0,0,0,0,0,0,0,0,0,0,0,0,0,0,0,0,0,0,0,0,0,0,0,0,0,0,0,0,0,0,0,0,0,0,0,0,0,0,0,0,0,0,0,0,0,0,0,0,0,0,0,0,0,0,0,0,0,0,0,0,0,0,0,0,0,0,0,0,0,0,0,0,0,0,0,0,0,0,48,0,51,0,0,0,0,0,0,0,0,0,76,0,21,0,0,97,0,0,0,0,0,39,0,0,54,88,21,7,0,0,0,0,0,0,40,0,0,85,0,0,0,0,0,0,0,5,0,0,0,0,0,0,0,18,0,0,78,0,0,32,0,0,0,29,0,0,0,0,49,0,0,0,59,0,0,0,0,45,6,0,0,55,35,21,0,0,0,0,0,86,24,0,0,7,0,0,0,30,84,0,0,0,69,58,0,90,0,0,9,0,0,8,0,0,0,0,0,0,0,0,93,0,0,0,0,0,0,0,0,0,0,0,0,0,70,0,0,11,0,0,0,31,0,0,0,0,0,0,0,0,0,23,0,0,30,0,0,0,0,42,0,0,0,0,0,0,44,0,0,0,0,0,0,0,60,0,0,0,0,0,0
"120",0,0,0,0,0,0,0,0,0,0,0,0,0,0,0,0,0,0,0,0,0,0,0,0,0,0,0,0,0,0,0,0,0,0,0,0,0,0,0,0,0,0,0,0,0,0,0,0,0,0,0,0,0,0,0,0,0,0,0,0,0,0,0,0,0,0,0,0,0,0,0,0,0,0,0,0,0,0,0,0,0,0,0,0,0,0,0,0,0,0,0,0,0,0,0,0,0,0,0,0,0,0,0,0,0,0,0,0,0,0,0,0,0,0,0,0,0,0,0,0,18,0,0,75,0,61,53,0,0,54,0,0,46,0,0,0,0,90,0,0,0,0,0,0,0,0,80,0,0,0,0,56,0,0,44,0,0,0,0,82,0,0,0,0,0,0,0,78,0,0,0,0,0,0,87,0,0,97,65,0,0,64,0,0,86,0,0,0,0,0,0,0,41,0,23,0,0,0,91,0,0,0,36,0,0,0,0,0,0,8,73,33,14,0,0,0,0,73,0,0,0,0,0,0,0,81,0,0,0,0,0,0,0,0,0,0,66,92,6,0,0,0,53,0,11,0,0,0,50,0,0,0,0,0,0,0,0,0,0,37,16,0,0,0,100,10,0,0,96,0,0,0,0,0,0,0,0,0,0,0,0,0,0,0,0,0,41,0,70,0,0,23,80,0,0,12,10,0,25,0
"121",0,0,0,0,0,0,0,0,0,0,0,0,0,0,0,0,0,0,0,0,0,0,0,0,0,0,0,0,0,0,0,0,0,0,0,0,0,0,0,0,0,0,0,0,0,0,0,0,0,0,0,0,0,0,0,0,0,0,0,0,0,0,0,0,0,0,0,0,0,0,0,0,0,0,0,0,0,0,0,0,0,0,0,0,0,0,0,0,0,0,0,0,0,0,0,0,0,0,0,0,0,0,0,0,0,0,0,0,0,0,0,0,0,0,0,0,0,0,0,0,54,0,0,0,46,0,51,0,0,0,42,0,0,0,0,0,0,0,0,0,0,0,0,0,0,94,41,0,0,0,0,16,0,0,0,78,0,26,12,96,0,0,0,0,0,0,56,0,0,0,0,0,0,0,0,35,0,0,57,0,0,0,0,0,0,0,0,0,0,0,0,0,45,58,0,0,23,0,0,58,0,0,0,0,0,0,0,0,20,0,0,0,0,0,0,0,0,0,0,0,0,0,0,0,0,0,21,40,27,95,37,0,0,32,0,0,0,0,0,0,0,0,0,84,0,0,0,0,0,44,0,57,0,0,0,0,0,0,55,0,0,0,0,0,0,0,0,18,0,0,0,31,0,0,50,0,68,0,5,0,0,0,0,86,0,0,61,0,0,0,0,0,0,15,0,0,57,0,0,0
"122",0,0,0,0,0,0,0,0,0,0,0,0,0,0,0,0,0,0,0,0,0,0,0,0,0,0,0,0,0,0,0,0,0,0,0,0,0,0,0,0,0,0,0,0,0,0,0,0,0,0,0,0,0,0,0,0,0,0,0,0,0,0,0,0,0,0,0,0,0,0,0,0,0,0,0,0,0,0,0,0,0,0,0,0,0,0,0,0,0,0,0,0,0,0,0,0,0,0,0,0,0,0,0,0,0,0,0,0,0,0,0,0,0,0,0,0,0,0,0,0,0,0,0,0,55,0,0,0,0,0,12,0,0,76,0,17,0,73,0,0,0,0,0,24,0,0,18,0,0,0,0,0,5,0,0,69,0,0,0,0,0,96,0,0,0,0,0,70,0,0,0,37,0,0,0,52,0,0,0,0,0,0,0,0,0,0,0,0,0,47,0,0,0,3,0,0,0,0,0,72,0,0,0,80,0,0,0,0,61,15,0,0,0,0,0,0,0,0,0,58,0,0,0,0,0,80,0,0,0,0,0,99,0,88,0,0,0,0,20,0,38,0,9,0,0,0,0,60,0,87,0,0,76,0,13,79,66,0,0,0,0,6,40,0,0,0,59,0,0,0,0,74,0,58,80,0,0,0,0,5,0,0,0,49,0,0,0,0,0,0,74,0,0,0,0,0,0,0,0,0
"123",0,0,0,0,0,0,0,0,0,0,0,0,0,0,0,0,0,0,0,0,0,0,0,0,0,0,0,0,0,0,0,0,0,0,0,0,0,0,0,0,0,0,0,0,0,0,0,0,0,0,0,0,0,0,0,0,0,0,0,0,0,0,0,0,0,0,0,0,0,0,0,0,0,0,0,0,0,0,0,0,0,0,0,0,0,0,0,0,0,0,0,0,0,0,0,0,0,0,0,0,0,0,0,0,0,0,0,0,0,0,0,0,0,0,0,0,0,0,0,0,0,15,0,0,77,15,63,0,41,96,0,0,0,0,99,0,0,0,0,0,0,0,0,0,0,0,0,0,80,0,0,27,77,0,0,66,0,0,13,0,0,0,0,0,0,0,0,71,0,0,0,71,56,0,0,0,54,98,0,0,98,0,0,0,0,0,0,0,0,0,0,0,0,0,0,0,0,0,0,40,75,3,0,0,34,0,0,0,85,0,0,0,0,0,0,0,54,51,0,0,0,0,0,0,0,0,0,0,44,0,0,0,0,0,0,10,0,0,0,0,0,0,0,27,0,0,41,0,0,0,0,3,81,63,0,68,0,0,50,0,55,0,0,0,4,0,0,0,0,0,48,0,0,0,35,0,33,0,0,0,96,0,22,0,0,0,0,0,0,0,0,0,78,0,0,0,0,0,0,0
"124",0,0,0,0,0,0,0,0,0,0,0,0,0,0,0,0,0,0,0,0,0,0,0,0,0,0,0,0,0,0,0,0,0,0,0,0,0,0,0,0,0,0,0,0,0,0,0,0,0,0,0,0,0,0,0,0,0,0,0,0,0,0,0,0,0,0,0,0,0,0,0,0,0,0,0,0,0,0,0,0,0,0,0,0,0,0,0,0,0,0,0,0,0,0,0,0,0,0,0,0,0,0,0,0,0,0,0,0,0,0,0,0,0,0,0,0,0,0,0,0,0,0,0,0,0,0,0,90,0,0,0,0,15,0,44,0,0,0,0,33,0,0,0,0,0,0,0,44,0,0,0,79,0,0,0,0,7,0,0,64,0,0,0,0,80,0,0,0,0,62,0,0,0,0,0,0,0,0,0,26,0,0,0,0,0,0,0,0,0,0,43,75,0,0,0,0,0,0,0,0,0,0,0,0,0,0,21,0,0,20,0,0,0,0,0,0,0,0,0,0,85,0,0,75,0,0,0,0,76,95,0,57,0,0,0,0,0,0,0,0,0,0,0,0,0,0,0,0,28,0,42,0,3,17,16,0,0,0,81,0,0,0,2,0,0,0,90,0,0,0,0,0,0,0,0,0,0,0,0,0,0,97,95,0,0,0,0,0,0,0,97,0,0,95,0,0,0,0,0,0
"125",0,0,0,0,0,0,0,0,0,0,0,0,0,0,0,0,0,0,0,0,0,0,0,0,0,0,0,0,0,0,0,0,0,0,0,0,0,0,0,0,0,0,0,0,0,0,0,0,0,0,0,0,0,0,0,0,0,0,0,0,0,0,0,0,0,0,0,0,0,0,0,0,0,0,0,0,0,0,0,0,0,0,0,0,0,0,0,0,0,0,0,0,0,0,0,0,0,0,0,0,0,0,0,0,0,0,0,0,0,0,0,0,0,0,0,0,0,0,0,0,0,0,0,93,0,0,0,0,0,20,0,0,0,0,0,0,0,0,0,0,0,0,0,86,0,0,0,0,0,0,0,0,0,43,0,46,75,0,0,0,3,0,0,0,55,0,0,66,0,0,0,0,0,86,35,77,5,75,0,45,0,0,0,0,0,0,0,0,0,0,0,0,0,0,0,94,0,0,0,0,87,10,0,0,37,0,71,45,0,0,0,0,95,0,0,0,0,0,0,0,71,0,0,0,0,52,12,18,13,0,0,0,0,13,38,0,0,0,0,0,0,0,0,0,0,0,2,0,89,0,70,0,0,41,0,0,54,0,18,0,0,88,70,0,25,0,0,0,0,0,0,0,0,0,0,0,64,0,0,0,67,0,0,0,0,0,0,0,0,15,0,5,30,0,0,0,0,0,0,0
"126",0,0,0,0,0,0,0,0,0,0,0,0,0,0,0,0,0,0,0,0,0,0,0,0,0,0,0,0,0,0,0,0,0,0,0,0,0,0,0,0,0,0,0,0,0,0,0,0,0,0,0,0,0,0,0,0,0,0,0,0,0,0,0,0,0,0,0,0,0,0,0,0,0,0,0,0,0,0,0,0,0,0,0,0,0,0,0,0,0,0,0,0,0,0,0,0,0,0,0,0,0,0,0,0,0,0,0,0,0,0,0,0,0,0,0,0,0,0,0,0,0,0,0,0,0,0,0,87,0,29,0,0,0,0,84,0,92,0,0,0,0,0,0,50,0,10,0,0,0,0,56,0,58,0,84,0,0,0,73,0,35,0,47,14,0,10,0,0,0,39,0,0,97,0,0,0,0,41,0,0,26,0,75,85,7,0,0,30,0,0,19,0,0,100,0,65,0,0,0,89,0,0,22,74,0,0,12,0,0,67,0,25,0,0,0,0,0,0,0,0,0,0,0,0,0,0,0,0,0,58,0,36,0,0,0,0,91,0,0,0,67,56,42,14,0,64,41,0,0,0,0,0,0,81,0,0,0,0,0,0,0,7,0,39,0,0,0,0,0,0,18,0,0,0,0,90,64,0,39,0,0,0,0,0,0,0,0,0,50,0,93,90,64,23,0,0,0,0,0,80
"127",0,0,0,0,0,0,0,0,0,0,0,0,0,0,0,0,0,0,0,0,0,0,0,0,0,0,0,0,0,0,0,0,0,0,0,0,0,0,0,0,0,0,0,0,0,0,0,0,0,0,0,0,0,0,0,0,0,0,0,0,0,0,0,0,0,0,0,0,0,0,0,0,0,0,0,0,0,0,0,0,0,0,0,0,0,0,0,0,0,0,0,0,0,0,0,0,0,0,0,0,0,0,0,0,0,0,0,0,0,0,0,0,0,0,0,0,0,0,0,0,0,0,0,0,0,0,0,0,0,15,31,0,0,0,0,0,99,0,43,0,78,45,66,0,0,0,96,79,0,0,0,0,90,0,0,0,0,0,10,0,0,0,0,0,0,0,0,0,4,0,0,0,0,0,0,0,0,0,65,0,30,0,93,0,40,5,0,3,0,0,0,64,0,34,0,0,0,74,0,93,0,0,2,0,53,0,0,42,0,0,0,0,0,0,0,46,0,0,0,60,95,0,0,0,83,12,0,0,0,0,0,0,0,0,0,0,0,95,0,0,33,0,0,0,0,0,91,0,0,38,0,0,0,0,0,0,0,0,0,0,0,0,0,0,0,48,55,81,0,0,0,0,0,0,0,0,0,0,2,0,0,38,0,0,55,0,0,0,0,98,0,0,49,6,10,0,99,0,0,27
"128",0,0,0,0,0,0,0,0,0,0,0,0,0,0,0,0,0,0,0,0,0,0,0,0,0,0,0,0,0,0,0,0,0,0,0,0,0,0,0,0,0,0,0,0,0,0,0,0,0,0,0,0,0,0,0,0,0,0,0,0,0,0,0,0,0,0,0,0,0,0,0,0,0,0,0,0,0,0,0,0,0,0,0,0,0,0,0,0,0,0,0,0,0,0,0,0,0,0,0,0,0,0,0,0,0,0,0,0,0,0,0,0,0,0,0,0,0,0,0,0,0,0,0,0,0,0,0,0,47,0,0,22,0,0,0,20,80,0,0,0,0,0,0,9,0,0,67,64,59,0,0,0,40,61,0,0,0,0,13,0,31,0,26,0,0,0,0,0,59,0,0,0,93,0,0,6,0,0,0,0,96,0,0,0,0,0,35,0,0,0,0,0,24,60,39,61,41,32,67,0,30,0,38,0,0,18,0,0,0,0,98,0,0,99,63,0,0,0,54,92,41,50,0,68,0,0,28,0,0,0,0,0,26,0,0,79,0,0,37,92,0,0,0,0,0,0,17,0,0,77,0,0,0,0,73,0,0,0,0,0,0,0,48,0,77,40,0,0,0,0,0,0,0,0,0,34,0,0,0,44,7,0,0,0,0,0,0,0,0,0,42,0,0,67,0,0,10,13,0,60
"129",0,0,0,0,0,0,0,0,0,0,0,0,0,0,0,0,0,0,0,0,0,0,0,0,0,0,0,0,0,0,0,0,0,0,0,0,0,0,0,0,0,0,0,0,0,0,0,0,0,0,0,0,0,0,0,0,0,0,0,0,0,0,0,0,0,0,0,0,0,0,0,0,0,0,0,0,0,0,0,0,0,0,0,0,0,0,0,0,0,0,0,0,0,0,0,0,0,0,0,0,0,0,0,0,0,0,0,0,0,0,0,0,0,0,0,0,0,0,0,0,0,0,0,0,0,0,0,0,0,0,0,98,62,83,0,0,0,0,25,45,0,0,0,50,0,49,0,0,0,0,0,0,99,87,19,0,0,0,0,0,0,0,0,19,0,0,22,0,69,0,0,0,52,0,74,0,0,0,0,0,0,95,0,0,0,0,0,0,3,0,97,0,0,0,34,27,31,0,0,0,61,0,84,0,0,97,62,0,4,0,0,0,0,0,92,0,0,0,0,61,28,51,63,0,0,0,0,0,0,48,0,0,0,0,0,0,0,0,59,0,0,0,0,0,34,17,91,0,0,0,0,0,85,91,0,0,0,0,0,0,0,0,96,0,0,0,0,20,0,58,37,0,0,0,1,0,0,34,49,0,30,72,0,0,0,87,100,0,0,0,0,0,9,22,66,0,56,0,0,0
"130",0,0,0,0,0,0,0,0,0,0,0,0,0,0,0,0,0,0,0,0,0,0,0,0,0,0,0,0,0,0,0,0,0,0,0,0,0,0,0,0,0,0,0,0,0,0,0,0,0,0,0,0,0,0,0,0,0,0,0,0,0,0,0,0,0,0,0,0,0,0,0,0,0,0,0,0,0,0,0,0,0,0,0,0,0,0,0,0,0,0,0,0,0,0,0,0,0,0,0,0,0,0,0,0,0,0,0,0,0,0,0,0,0,0,0,0,0,0,0,0,0,0,0,0,0,0,0,0,0,0,21,30,0,0,0,42,22,0,0,0,33,0,31,0,0,84,0,0,90,0,0,0,0,0,0,35,0,80,0,88,0,0,0,0,0,0,0,0,0,0,62,0,0,0,99,0,0,0,0,0,0,9,0,0,52,0,0,0,18,0,0,0,0,50,0,17,0,0,0,0,0,0,0,51,0,0,0,0,24,0,58,0,0,0,0,0,0,32,0,0,0,0,0,0,0,0,0,0,0,0,41,0,0,11,0,0,74,0,32,0,0,11,0,0,0,0,38,0,40,32,0,0,0,0,0,79,0,0,0,0,5,0,0,0,0,14,0,0,0,0,0,69,0,0,9,20,0,0,39,0,0,0,0,0,30,69,10,0,0,0,0,0,95,0,13,0,0,0,34,0
"131",0,0,0,0,0,0,0,0,0,0,0,0,0,0,0,0,0,0,0,0,0,0,0,0,0,0,0,0,0,0,0,0,0,0,0,0,0,0,0,0,0,0,0,0,0,0,0,0,0,0,0,0,0,0,0,0,0,0,0,0,0,0,0,0,0,0,0,0,0,0,0,0,0,0,0,0,0,0,0,0,0,0,0,0,0,0,0,0,0,0,0,0,0,0,0,0,0,0,0,0,0,0,0,0,0,0,0,0,0,0,0,0,0,0,0,0,0,0,0,0,0,0,0,0,0,0,0,0,0,0,0,39,0,0,0,0,0,0,0,0,0,7,99,0,0,0,0,37,0,13,0,76,0,23,36,0,0,0,0,0,16,23,0,69,0,0,0,59,0,0,97,27,0,0,0,0,94,0,0,0,0,0,97,2,0,0,0,0,0,0,0,0,0,4,0,0,96,0,68,96,46,0,0,0,0,29,0,1,0,0,0,0,94,0,55,0,0,0,0,0,0,0,0,0,0,0,0,0,0,0,0,0,6,92,96,0,82,0,0,0,12,0,94,90,0,0,0,15,38,91,37,0,32,99,0,0,20,0,38,8,0,0,0,0,0,0,66,0,0,0,0,66,8,0,0,0,0,0,50,35,0,4,0,0,0,0,19,45,5,0,13,0,0,0,25,0,40,0,0,88
"132",0,0,0,0,0,0,0,0,0,0,0,0,0,0,0,0,0,0,0,0,0,0,0,0,0,0,0,0,0,0,0,0,0,0,0,0,0,0,0,0,0,0,0,0,0,0,0,0,0,0,0,0,0,0,0,0,0,0,0,0,0,0,0,0,0,0,0,0,0,0,0,0,0,0,0,0,0,0,0,0,0,0,0,0,0,0,0,0,0,0,0,0,0,0,0,0,0,0,0,0,0,0,0,0,0,0,0,0,0,0,0,0,0,0,0,0,0,0,0,0,0,0,0,0,0,0,0,0,0,0,0,0,0,0,0,0,0,7,0,0,71,100,84,0,0,0,0,0,0,0,0,0,0,0,93,25,0,66,0,0,46,96,29,0,0,0,0,0,0,0,0,0,0,0,0,37,54,0,0,0,0,0,0,0,0,10,0,0,0,9,7,79,0,0,63,0,0,23,74,0,0,0,0,25,0,0,0,0,0,90,0,97,0,0,0,0,90,77,0,0,0,26,0,51,0,0,65,0,0,0,0,69,46,0,0,0,0,0,0,0,0,0,86,0,0,0,0,0,0,0,0,69,0,0,0,16,80,0,21,0,67,0,0,0,0,0,0,55,0,90,0,0,0,0,0,0,0,0,0,0,0,65,0,14,0,0,47,0,0,0,33,0,0,80,55,0,0,24,0,0
"133",0,0,0,0,0,0,0,0,0,0,0,0,0,0,0,0,0,0,0,0,0,0,0,0,0,0,0,0,0,0,0,0,0,0,0,0,0,0,0,0,0,0,0,0,0,0,0,0,0,0,0,0,0,0,0,0,0,0,0,0,0,0,0,0,0,0,0,0,0,0,0,0,0,0,0,0,0,0,0,0,0,0,0,0,0,0,0,0,0,0,0,0,0,0,0,0,0,0,0,0,0,0,0,0,0,0,0,0,0,0,0,0,0,0,0,0,0,0,0,0,0,0,0,0,0,0,0,0,0,0,0,0,84,65,39,0,0,0,0,0,20,0,67,0,0,0,0,0,23,0,0,0,4,0,0,0,40,0,81,0,0,38,0,0,0,0,0,16,0,0,0,0,0,0,0,0,0,0,0,0,0,19,0,0,0,0,35,0,0,0,23,0,0,0,0,0,0,0,0,0,0,0,50,11,0,0,0,0,0,75,0,0,0,0,0,0,6,0,0,0,0,0,0,0,0,0,0,22,0,0,81,55,50,0,93,38,0,0,38,0,0,36,11,0,0,10,0,0,9,64,84,0,0,41,0,83,100,0,0,0,85,0,20,0,0,16,0,50,0,0,0,0,11,0,0,51,0,35,0,0,29,0,0,0,0,0,0,0,0,0,0,0,0,0,0,0,0,81,0,0
"134",0,0,0,0,0,0,0,0,0,0,0,0,0,0,0,0,0,0,0,0,0,0,0,0,0,0,0,0,0,0,0,0,0,0,0,0,0,0,0,0,0,0,0,0,0,0,0,0,0,0,0,0,0,0,0,0,0,0,0,0,0,0,0,0,0,0,0,0,0,0,0,0,0,0,0,0,0,0,0,0,0,0,0,0,0,0,0,0,0,0,0,0,0,0,0,0,0,0,0,0,0,0,0,0,0,0,0,0,0,0,0,0,0,0,0,0,0,0,0,0,0,0,0,0,0,0,0,0,0,0,0,0,0,0,0,0,0,0,0,0,0,35,82,67,0,0,0,0,3,0,0,83,0,0,21,1,0,79,0,0,39,0,34,0,0,0,0,0,0,0,0,0,42,0,0,0,47,13,0,0,0,0,0,0,0,0,0,0,0,0,2,0,2,0,0,0,0,0,0,0,0,32,0,0,0,1,0,0,0,62,0,0,17,0,0,0,94,0,0,28,0,0,24,0,90,0,0,51,80,0,4,0,0,0,0,0,0,0,46,0,0,0,80,0,0,0,0,82,0,0,43,0,80,20,0,25,0,0,0,0,30,0,0,0,0,0,51,0,26,77,30,0,20,0,28,0,41,0,0,0,0,0,43,0,0,49,10,17,0,0,0,0,0,93,0,23,0,0,0,0
"135",0,0,0,0,0,0,0,0,0,0,0,0,0,0,0,0,0,0,0,0,0,0,0,0,0,0,0,0,0,0,0,0,0,0,0,0,0,0,0,0,0,0,0,0,0,0,0,0,0,0,0,0,0,0,0,0,0,0,0,0,0,0,0,0,0,0,0,0,0,0,0,0,0,0,0,0,0,0,0,0,0,0,0,0,0,0,0,0,0,0,0,0,0,0,0,0,0,0,0,0,0,0,0,0,0,0,0,0,0,0,0,0,0,0,0,0,0,0,0,0,0,0,0,0,0,0,0,0,0,0,0,0,0,0,51,0,2,43,0,0,0,0,18,0,36,57,0,0,0,0,0,0,0,0,0,25,0,0,20,0,0,0,0,0,0,0,0,0,0,0,45,0,0,0,0,0,0,41,0,0,0,42,0,0,0,60,0,90,0,0,0,0,0,0,0,0,0,0,0,0,0,0,0,0,0,16,0,0,0,21,0,0,0,0,0,0,0,10,100,0,0,0,0,0,0,0,40,84,0,0,55,52,0,0,0,6,0,0,0,68,0,0,0,0,0,0,0,0,0,0,0,0,0,0,53,0,0,0,0,38,0,31,0,0,0,0,0,0,0,0,0,0,0,0,0,0,71,0,55,36,0,0,52,11,0,95,75,21,86,72,0,0,0,31,0,0,0,0,0,0
"136",0,0,0,0,0,0,0,0,0,0,0,0,0,0,0,0,0,0,0,0,0,0,0,0,0,0,0,0,0,0,0,0,0,0,0,0,0,0,0,0,0,0,0,0,0,0,0,0,0,0,0,0,0,0,0,0,0,0,0,0,0,0,0,0,0,0,0,0,0,0,0,0,0,0,0,0,0,0,0,0,0,0,0,0,0,0,0,0,0,0,0,0,0,0,0,0,0,0,0,0,0,0,0,0,0,0,0,0,0,0,0,0,0,0,0,0,0,0,0,0,0,0,0,0,0,0,0,0,0,0,0,0,0,0,73,46,0,0,30,0,51,93,0,0,0,0,0,71,0,74,44,0,0,0,94,0,0,0,0,0,0,23,0,0,0,0,0,0,0,0,0,0,0,0,0,0,0,0,0,96,0,0,0,0,0,24,0,0,0,0,0,0,0,0,0,92,0,37,0,0,81,65,0,0,0,0,27,0,44,0,0,0,18,0,0,0,71,0,0,39,0,0,0,0,0,0,0,0,0,37,96,0,91,0,0,68,0,92,0,97,0,0,0,0,24,0,0,0,0,78,0,0,98,0,0,3,0,0,29,100,0,0,0,0,0,0,0,0,0,0,0,0,0,0,0,0,0,0,0,0,0,75,0,57,0,0,0,0,0,0,81,0,0,0,0,0,45,15,98,0
"137",0,0,0,0,0,0,0,0,0,0,0,0,0,0,0,0,0,0,0,0,0,0,0,0,0,0,0,0,0,0,0,0,0,0,0,0,0,0,0,0,0,0,0,0,0,0,0,0,0,0,0,0,0,0,0,0,0,0,0,0,0,0,0,0,0,0,0,0,0,0,0,0,0,0,0,0,0,0,0,0,0,0,0,0,0,0,0,0,0,0,0,0,0,0,0,0,0,0,0,0,0,0,0,0,0,0,0,0,0,0,0,0,0,0,0,0,0,0,0,0,0,0,0,0,0,0,0,0,0,0,0,0,0,0,0,0,0,0,0,0,98,0,0,27,0,100,0,0,0,0,0,87,0,0,0,68,0,67,44,22,0,0,0,23,0,69,0,98,0,0,0,0,0,0,0,15,0,0,0,0,0,0,0,0,39,0,0,0,15,0,0,0,8,0,0,20,0,0,0,51,78,0,0,0,0,0,0,0,0,47,0,23,30,0,0,0,0,76,56,0,0,0,0,0,0,0,0,0,35,47,18,0,0,0,0,0,0,0,0,2,0,0,39,0,0,0,44,0,0,0,0,0,0,4,0,0,44,8,0,0,0,24,0,0,0,0,0,0,0,0,0,0,0,100,0,0,0,0,0,0,0,0,0,0,0,17,1,0,34,0,0,0,11,0,0,0,0,0,57,0
"138",0,0,0,0,0,0,0,0,0,0,0,0,0,0,0,0,0,0,0,0,0,0,0,0,0,0,0,0,0,0,0,0,0,0,0,0,0,0,0,0,0,0,0,0,0,0,0,0,0,0,0,0,0,0,0,0,0,0,0,0,0,0,0,0,0,0,0,0,0,0,0,0,0,0,0,0,0,0,0,0,0,0,0,0,0,0,0,0,0,0,0,0,0,0,0,0,0,0,0,0,0,0,0,0,0,0,0,0,0,0,0,0,0,0,0,0,0,0,0,0,0,0,0,0,0,0,0,0,0,0,0,0,0,0,0,0,0,0,0,0,0,0,0,0,0,0,0,87,0,0,0,0,0,0,0,0,18,0,0,41,64,66,0,0,50,0,0,0,38,0,0,0,51,95,0,0,0,0,0,0,0,0,0,0,0,0,0,0,95,0,0,0,84,0,0,0,50,0,0,11,0,0,0,0,33,0,0,0,0,57,27,0,0,0,6,0,0,0,44,36,0,0,20,0,0,0,0,0,0,25,0,0,0,0,0,79,0,0,0,0,0,0,0,0,0,0,0,0,0,0,0,0,0,0,0,0,0,0,0,0,0,0,0,0,0,0,0,95,1,57,36,0,0,0,0,0,50,0,0,0,26,0,0,42,0,0,20,22,0,60,0,0,0,0,0,0,0,0,0,0
"139",0,0,0,0,0,0,0,0,0,0,0,0,0,0,0,0,0,0,0,0,0,0,0,0,0,0,0,0,0,0,0,0,0,0,0,0,0,0,0,0,0,0,0,0,0,0,0,0,0,0,0,0,0,0,0,0,0,0,0,0,0,0,0,0,0,0,0,0,0,0,0,0,0,0,0,0,0,0,0,0,0,0,0,0,0,0,0,0,0,0,0,0,0,0,0,0,0,0,0,0,0,0,0,0,0,0,0,0,0,0,0,0,0,0,0,0,0,0,0,0,0,0,0,0,0,0,0,0,0,0,0,0,0,0,0,0,0,0,0,19,0,0,0,0,0,0,0,0,94,33,0,51,0,0,33,3,0,0,23,0,0,100,91,0,0,26,0,0,0,0,0,0,0,0,0,84,0,0,60,0,0,78,0,0,63,0,0,84,64,7,0,17,0,0,0,0,22,0,0,0,0,13,55,86,4,0,0,0,23,56,0,0,0,24,0,0,41,0,0,20,0,65,0,28,0,0,0,0,86,0,0,0,28,0,0,0,0,0,0,41,49,71,86,53,0,0,0,0,40,0,0,0,0,56,0,69,0,0,0,92,0,0,0,15,0,45,0,66,0,1,8,19,0,0,10,0,0,0,0,0,0,19,0,0,0,0,0,0,0,0,0,68,0,0,0,0,0,0,0,34
"140",0,0,0,0,0,0,0,0,0,0,0,0,0,0,0,0,0,0,0,0,0,0,0,0,0,0,0,0,0,0,0,0,0,0,0,0,0,0,0,0,0,0,0,0,0,0,0,0,0,0,0,0,0,0,0,0,0,0,0,0,0,0,0,0,0,0,0,0,0,0,0,0,0,0,0,0,0,0,0,0,0,0,0,0,0,0,0,0,0,0,0,0,0,0,0,0,0,0,0,0,0,0,0,0,0,0,0,0,0,0,0,0,0,0,0,0,0,0,0,0,0,0,0,0,0,0,0,0,0,0,0,0,0,0,0,0,0,0,7,0,0,0,0,98,33,0,52,0,0,0,0,84,0,60,0,0,0,47,0,0,5,0,50,0,55,0,0,98,0,0,78,0,0,0,0,0,0,0,4,4,0,0,0,5,79,0,9,0,0,0,0,65,0,17,0,0,1,36,0,80,0,0,0,0,87,0,0,74,0,42,0,0,0,0,0,0,0,0,0,0,0,80,0,69,0,68,0,0,41,0,24,0,0,0,0,0,0,0,70,55,0,0,0,0,0,0,0,0,0,0,0,0,0,0,0,0,0,36,0,0,0,0,0,0,7,19,0,11,87,0,0,0,0,0,0,0,0,12,30,0,80,0,20,0,0,0,16,73,0,70,0,1,0,0,72,0,0,0,0,64
"141",0,0,0,0,0,0,0,0,0,0,0,0,0,0,0,0,0,0,0,0,0,0,0,0,0,0,0,0,0,0,0,0,0,0,0,0,0,0,0,0,0,0,0,0,0,0,0,0,0,0,0,0,0,0,0,0,0,0,0,0,0,0,0,0,0,0,0,0,0,0,0,0,0,0,0,0,0,0,0,0,0,0,0,0,0,0,0,0,0,0,0,0,0,0,0,0,0,0,0,0,0,0,0,0,0,0,0,0,0,0,0,0,0,0,0,0,0,0,0,0,0,0,0,0,0,0,0,0,0,0,0,0,0,0,0,0,0,0,0,0,0,0,0,0,0,0,0,0,0,0,0,0,0,0,0,0,0,0,0,0,0,0,0,0,91,0,0,0,0,0,0,0,18,0,0,42,0,55,97,24,0,77,0,0,0,61,9,33,0,51,0,35,0,0,0,0,0,15,0,0,0,84,0,0,0,0,0,62,0,66,0,53,0,0,0,0,0,0,0,90,76,0,1,0,73,10,0,0,44,98,0,0,0,0,0,0,69,0,0,12,0,0,0,0,0,0,0,0,43,0,0,0,18,0,0,0,0,0,87,12,0,0,0,28,0,0,0,80,47,0,99,91,77,0,0,0,31,0,0,20,0,0,0,0,0,0,64,53,0,0,0,0,0,0,0,0,0,19,0,0
"142",0,0,0,0,0,0,0,0,0,0,0,0,0,0,0,0,0,0,0,0,0,0,0,0,0,0,0,0,0,0,0,0,0,0,0,0,0,0,0,0,0,0,0,0,0,0,0,0,0,0,0,0,0,0,0,0,0,0,0,0,0,0,0,0,0,0,0,0,0,0,0,0,0,0,0,0,0,0,0,0,0,0,0,0,0,0,0,0,0,0,0,0,0,0,0,0,0,0,0,0,0,0,0,0,0,0,0,0,0,0,0,0,0,0,0,0,0,0,0,0,0,0,0,0,0,0,0,0,0,0,0,0,0,0,0,0,0,0,0,0,66,0,87,1,0,0,0,63,60,0,0,0,0,0,0,0,63,0,0,0,0,0,0,0,0,0,28,0,0,0,0,0,0,58,0,97,0,0,0,0,0,0,60,0,22,0,0,85,0,0,0,41,37,0,12,0,0,0,64,0,71,0,21,18,0,0,0,0,0,0,0,0,0,48,65,0,0,0,0,78,0,0,0,0,0,0,0,63,78,0,0,0,0,79,0,0,85,0,0,0,0,0,54,17,0,0,0,0,0,0,30,0,0,80,0,67,0,0,0,33,97,68,0,0,5,0,0,41,0,0,0,0,0,0,79,0,0,57,0,0,0,79,0,0,0,0,0,0,55,0,0,0,0,31,93,0,0,0,0,0
"143",0,0,0,0,0,0,0,0,0,0,0,0,0,0,0,0,0,0,0,0,0,0,0,0,0,0,0,0,0,0,0,0,0,0,0,0,0,0,0,0,0,0,0,0,0,0,0,0,0,0,0,0,0,0,0,0,0,0,0,0,0,0,0,0,0,0,0,0,0,0,0,0,0,0,0,0,0,0,0,0,0,0,0,0,0,0,0,0,0,0,0,0,0,0,0,0,0,0,0,0,0,0,0,0,0,0,0,0,0,0,0,0,0,0,0,0,0,0,0,0,0,0,0,0,0,0,0,0,0,0,0,0,0,0,0,0,0,0,0,0,0,0,0,0,0,0,14,66,0,0,0,75,0,0,0,0,90,77,0,0,0,69,0,0,0,7,7,0,0,0,0,0,0,0,0,0,41,0,0,0,0,0,70,70,0,0,0,0,0,0,97,0,0,0,0,0,93,0,0,71,0,0,0,57,0,0,6,0,0,0,0,0,0,0,94,0,0,15,91,0,0,0,0,0,0,0,0,0,0,0,0,0,2,0,0,30,38,0,0,0,0,94,81,0,0,0,0,23,41,0,0,20,0,0,0,33,0,0,0,0,0,6,0,0,0,40,0,0,0,0,0,0,0,39,0,0,0,0,0,50,0,0,0,59,0,62,0,57,22,0,66,35,0,0,0,24,0,0,88,0
"144",0,0,0,0,0,0,0,0,0,0,0,0,0,0,0,0,0,0,0,0,0,0,0,0,0,0,0,0,0,0,0,0,0,0,0,0,0,0,0,0,0,0,0,0,0,0,0,0,0,0,0,0,0,0,0,0,0,0,0,0,0,0,0,0,0,0,0,0,0,0,0,0,0,0,0,0,0,0,0,0,0,0,0,0,0,0,0,0,0,0,0,0,0,0,0,0,0,0,0,0,0,0,0,0,0,0,0,0,0,0,0,0,0,0,0,0,0,0,0,0,0,0,0,0,0,0,0,0,0,0,0,0,0,0,0,0,0,0,0,0,0,0,0,0,0,0,54,0,0,0,0,0,0,0,0,0,73,0,0,0,0,0,0,11,0,0,0,68,0,0,0,0,0,0,2,0,0,0,0,0,0,0,88,0,0,25,0,21,0,50,5,0,0,17,76,0,0,0,82,0,0,61,0,72,0,0,0,0,0,2,0,0,0,0,0,13,4,0,0,0,72,0,0,0,0,0,0,83,0,0,0,0,0,61,0,0,77,9,0,64,95,14,95,0,0,0,9,0,0,0,0,16,0,76,0,0,0,0,0,0,0,0,91,0,0,0,0,80,0,0,0,0,0,0,0,0,0,0,0,10,0,0,0,0,33,0,0,0,0,0,0,0,0,0,28,87,0,65,0,8
"145",0,0,0,0,0,0,0,0,0,0,0,0,0,0,0,0,0,0,0,0,0,0,0,0,0,0,0,0,0,0,0,0,0,0,0,0,0,0,0,0,0,0,0,0,0,0,0,0,0,0,0,0,0,0,0,0,0,0,0,0,0,0,0,0,0,0,0,0,0,0,0,0,0,0,0,0,0,0,0,0,0,0,0,0,0,0,0,0,0,0,0,0,0,0,0,0,0,0,0,0,0,0,0,0,0,0,0,0,0,0,0,0,0,0,0,0,0,0,0,0,0,0,0,0,0,0,0,0,0,0,0,0,0,0,0,0,0,0,0,0,0,0,0,0,0,0,0,0,0,71,0,0,0,0,0,0,13,18,0,0,0,0,0,0,0,0,0,0,87,0,0,47,0,0,0,0,57,0,0,0,0,0,97,0,0,65,0,0,0,0,0,41,0,0,0,0,16,0,0,72,0,0,0,0,0,16,77,0,0,0,92,0,0,0,28,0,0,0,68,0,0,0,0,85,0,0,0,88,0,0,0,0,0,0,0,0,0,0,0,0,0,0,100,0,0,0,0,0,0,7,0,0,0,0,0,0,0,0,67,0,0,0,0,0,31,11,76,94,0,0,0,0,0,0,0,0,0,0,92,0,0,0,0,0,0,95,0,0,0,97,0,0,0,0,37,25,0,0,97,0
"146",0,0,0,0,0,0,0,0,0,0,0,0,0,0,0,0,0,0,0,0,0,0,0,0,0,0,0,0,0,0,0,0,0,0,0,0,0,0,0,0,0,0,0,0,0,0,0,0,0,0,0,0,0,0,0,0,0,0,0,0,0,0,0,0,0,0,0,0,0,0,0,0,0,0,0,0,0,0,0,0,0,0,0,0,0,0,0,0,0,0,0,0,0,0,0,0,0,0,0,0,0,0,0,0,0,0,0,0,0,0,0,0,0,0,0,0,0,0,0,0,0,0,0,0,0,0,0,0,0,0,0,0,0,0,0,0,0,0,0,0,0,0,0,0,0,0,0,0,0,0,55,0,0,0,0,0,0,0,96,0,0,18,0,0,0,0,0,0,58,0,0,0,68,90,0,0,0,25,0,0,0,0,82,0,0,58,0,0,0,45,0,21,0,0,0,0,92,59,0,0,0,43,0,0,0,20,0,0,0,73,0,82,0,0,0,92,0,80,0,0,0,0,0,65,0,0,0,0,0,23,0,0,0,0,0,56,0,0,0,0,61,41,0,62,0,0,0,0,0,0,0,0,0,0,0,0,0,0,0,0,31,0,0,0,0,0,0,47,0,0,0,0,81,0,0,0,0,0,0,87,0,0,0,0,0,0,0,45,0,0,37,0,0,65,0,35,0,0,57,0
"147",0,0,0,0,0,0,0,0,0,0,0,0,0,0,0,0,0,0,0,0,0,0,0,0,0,0,0,0,0,0,0,0,0,0,0,0,0,0,0,0,0,0,0,0,0,0,0,0,0,0,0,0,0,0,0,0,0,0,0,0,0,0,0,0,0,0,0,0,0,0,0,0,0,0,0,0,0,0,0,0,0,0,0,0,0,0,0,0,0,0,0,0,0,0,0,0,0,0,0,0,0,0,0,0,0,0,0,0,0,0,0,0,0,0,0,0,0,0,0,0,0,0,0,0,0,0,0,0,0,0,0,0,0,0,0,0,0,0,0,0,0,0,0,0,0,0,0,0,86,83,96,99,28,0,0,0,0,0,0,18,65,0,0,0,0,16,0,0,0,0,0,0,0,0,38,0,0,0,80,73,0,0,0,0,0,0,0,0,91,0,0,0,92,0,0,0,0,0,0,76,41,0,0,0,0,0,0,0,0,0,0,0,0,0,100,0,0,0,55,0,0,0,0,0,0,0,92,28,0,0,0,0,0,39,70,0,0,0,0,0,0,0,0,0,0,0,0,2,56,0,0,0,0,0,0,0,12,0,0,0,0,0,0,0,0,0,21,0,0,0,24,0,62,0,91,48,0,0,0,67,0,0,0,0,0,71,0,0,0,0,0,0,0,0,0,6,60,0,59,0
"148",0,0,0,0,0,0,0,0,0,0,0,0,0,0,0,0,0,0,0,0,0,0,0,0,0,0,0,0,0,0,0,0,0,0,0,0,0,0,0,0,0,0,0,0,0,0,0,0,0,0,0,0,0,0,0,0,0,0,0,0,0,0,0,0,0,0,0,0,0,0,0,0,0,0,0,0,0,0,0,0,0,0,0,0,0,0,0,0,0,0,0,0,0,0,0,0,0,0,0,0,0,0,0,0,0,0,0,0,0,0,0,0,0,0,0,0,0,0,0,0,0,0,0,0,0,0,0,0,0,0,0,0,0,0,0,0,0,0,0,0,0,0,0,0,0,0,37,0,0,0,0,0,82,0,0,0,0,0,0,0,0,0,0,24,0,0,59,0,0,0,74,0,24,0,0,0,0,0,0,0,0,0,0,0,29,0,0,91,0,0,0,0,0,0,0,16,60,0,46,0,36,0,0,100,0,0,0,0,0,0,0,48,0,66,80,0,0,0,82,0,0,0,0,0,90,0,97,0,0,0,0,0,0,0,98,0,0,39,86,0,75,0,0,77,89,86,0,0,0,0,0,0,0,0,70,47,0,0,4,0,0,0,60,0,19,25,0,0,0,0,41,0,84,0,0,0,0,0,0,91,0,5,70,0,0,34,0,0,0,91,0,0,0,0,0,0,0,0,0,16
"149",0,0,0,0,0,0,0,0,0,0,0,0,0,0,0,0,0,0,0,0,0,0,0,0,0,0,0,0,0,0,0,0,0,0,0,0,0,0,0,0,0,0,0,0,0,0,0,0,0,0,0,0,0,0,0,0,0,0,0,0,0,0,0,0,0,0,0,0,0,0,0,0,0,0,0,0,0,0,0,0,0,0,0,0,0,0,0,0,0,0,0,0,0,0,0,0,0,0,0,0,0,0,0,0,0,0,0,0,0,0,0,0,0,0,0,0,0,0,0,0,0,0,0,0,0,0,0,0,0,0,0,0,0,0,0,0,0,0,0,0,0,0,0,0,0,0,0,0,0,0,0,0,40,0,0,0,74,0,0,0,9,0,88,0,0,0,0,0,0,21,0,0,0,0,0,19,61,0,0,0,22,0,0,0,0,16,0,0,81,0,20,0,0,0,0,0,0,0,0,0,0,0,0,0,0,0,73,0,0,0,0,0,0,0,38,0,88,13,0,0,0,0,0,0,0,40,76,0,0,0,0,0,0,23,0,0,0,29,0,0,0,0,0,0,0,56,17,0,0,0,0,0,75,0,39,0,5,26,0,0,0,0,0,0,0,0,9,0,0,84,77,71,0,0,0,37,0,0,0,0,0,0,0,0,0,0,0,50,0,87,0,0,0,0,0,0,0,0,0,0
"150",0,0,0,0,0,0,0,0,0,0,0,0,0,0,0,0,0,0,0,0,0,0,0,0,0,0,0,0,0,0,0,0,0,0,0,0,0,0,0,0,0,0,0,0,0,0,0,0,0,0,0,0,0,0,0,0,0,0,0,0,0,0,0,0,0,0,0,0,0,0,0,0,0,0,0,0,0,0,0,0,0,0,0,0,0,0,0,0,0,0,0,0,0,0,0,0,0,0,0,0,0,0,0,0,0,0,0,0,0,0,0,0,0,0,0,0,0,0,0,0,0,0,0,0,0,0,0,0,0,0,0,0,0,0,0,0,0,0,0,0,0,0,0,0,0,0,0,0,0,0,0,18,0,0,0,0,0,0,33,46,0,60,0,0,0,100,0,0,0,50,0,0,0,71,0,0,0,0,0,0,0,98,0,0,0,0,0,0,0,0,53,9,0,0,0,15,0,0,0,20,0,0,0,0,0,70,12,0,0,0,64,0,0,15,0,0,0,0,0,0,0,0,64,0,0,0,0,0,0,26,0,0,63,0,0,28,0,0,0,8,1,0,58,89,0,0,20,0,87,0,17,0,0,0,0,0,0,6,0,0,0,0,87,0,26,0,0,0,0,72,38,93,0,0,0,0,0,11,0,0,0,0,0,0,0,0,0,15,78,0,0,0,0,59,0,0,0,0,12,0
"151",0,0,0,0,0,0,0,0,0,0,0,0,0,0,0,0,0,0,0,0,0,0,0,0,0,0,0,0,0,0,0,0,0,0,0,0,0,0,0,0,0,0,0,0,0,0,0,0,0,0,0,0,0,0,0,0,0,0,0,0,0,0,0,0,0,0,0,0,0,0,0,0,0,0,0,0,0,0,0,0,0,0,0,0,0,0,0,0,0,0,0,0,0,0,0,0,0,0,0,0,0,0,0,0,0,0,0,0,0,0,0,0,0,0,0,0,0,0,0,0,0,0,0,0,0,0,0,0,0,0,0,0,0,0,0,0,0,0,0,0,0,0,0,0,0,0,0,0,0,36,0,0,0,1,0,0,39,0,0,0,20,0,0,80,0,0,100,0,50,0,35,0,0,0,0,0,28,0,0,0,0,18,0,36,0,0,0,17,0,0,0,0,0,8,0,38,0,0,0,29,0,0,0,0,0,50,85,2,0,0,95,54,0,0,0,0,8,0,0,14,64,0,0,0,0,0,85,0,0,11,0,0,0,0,0,0,0,0,0,0,0,0,0,59,0,0,38,2,0,74,0,63,0,0,0,0,0,0,0,0,0,0,0,0,0,0,0,0,0,24,0,0,0,0,0,0,0,0,0,0,0,0,0,0,94,0,0,0,0,0,2,0,0,94,20,0,0,0,0,0
"152",0,0,0,0,0,0,0,0,0,0,0,0,0,0,0,0,0,0,0,0,0,0,0,0,0,0,0,0,0,0,0,0,0,0,0,0,0,0,0,0,0,0,0,0,0,0,0,0,0,0,0,0,0,0,0,0,0,0,0,0,0,0,0,0,0,0,0,0,0,0,0,0,0,0,0,0,0,0,0,0,0,0,0,0,0,0,0,0,0,0,0,0,0,0,0,0,0,0,0,0,0,0,0,0,0,0,0,0,0,0,0,0,0,0,0,0,0,0,0,0,0,0,0,0,0,0,0,0,0,0,0,0,0,0,0,0,0,0,0,0,0,0,0,0,0,0,0,0,0,0,99,0,50,45,0,0,0,0,0,0,0,0,0,0,0,54,0,0,0,99,0,0,0,16,0,80,0,6,0,0,85,0,0,0,0,22,0,0,84,83,0,0,0,0,0,0,40,0,0,40,0,46,0,0,0,8,71,0,0,0,0,0,0,33,16,0,0,0,0,0,0,0,0,0,0,0,0,0,0,39,0,18,0,0,48,0,0,88,0,0,0,0,0,44,0,0,0,0,98,0,0,0,0,58,0,44,0,0,0,0,0,67,0,0,0,0,0,0,0,0,1,70,0,0,71,0,0,0,0,0,0,0,0,0,0,0,47,0,0,0,0,0,0,0,49,0,0,9,81,0
"153",0,0,0,0,0,0,0,0,0,0,0,0,0,0,0,0,0,0,0,0,0,0,0,0,0,0,0,0,0,0,0,0,0,0,0,0,0,0,0,0,0,0,0,0,0,0,0,0,0,0,0,0,0,0,0,0,0,0,0,0,0,0,0,0,0,0,0,0,0,0,0,0,0,0,0,0,0,0,0,0,0,0,0,0,0,0,0,0,0,0,0,0,0,0,0,0,0,0,0,0,0,0,0,0,0,0,0,0,0,0,0,0,0,0,0,0,0,0,0,0,0,0,0,0,0,0,0,0,0,0,0,0,0,0,0,0,0,0,0,0,0,0,0,0,0,0,0,0,0,0,0,0,0,0,0,0,0,0,95,42,0,4,0,0,23,0,0,36,0,0,0,0,0,65,0,0,0,72,70,0,0,0,0,64,44,0,0,0,33,0,0,0,0,0,0,0,0,0,0,0,7,72,0,0,0,0,76,0,0,0,21,0,0,0,0,48,0,78,0,0,0,0,0,0,0,57,0,46,0,0,0,0,0,26,0,97,0,0,0,0,87,0,0,0,0,67,0,91,88,0,83,36,0,0,57,0,0,0,0,0,0,24,0,0,12,0,0,0,80,82,0,0,0,0,64,0,0,0,0,0,0,0,0,98,0,0,95,0,0,0,0,0,0,0,29,0,0,0,0,0
"154",0,0,0,0,0,0,0,0,0,0,0,0,0,0,0,0,0,0,0,0,0,0,0,0,0,0,0,0,0,0,0,0,0,0,0,0,0,0,0,0,0,0,0,0,0,0,0,0,0,0,0,0,0,0,0,0,0,0,0,0,0,0,0,0,0,0,0,0,0,0,0,0,0,0,0,0,0,0,0,0,0,0,0,0,0,0,0,0,0,0,0,0,0,0,0,0,0,0,0,0,0,0,0,0,0,0,0,0,0,0,0,0,0,0,0,0,0,0,0,0,0,0,0,0,0,0,0,0,0,0,0,0,0,0,0,0,0,0,0,0,0,0,0,0,0,0,0,0,0,0,0,0,24,0,17,39,0,0,0,0,0,6,0,0,44,11,0,0,0,0,0,0,0,24,0,0,0,0,0,16,0,0,0,0,36,0,0,0,0,0,17,0,31,0,31,18,0,0,90,99,40,0,0,0,44,48,0,0,29,0,0,68,18,0,1,0,0,0,0,0,100,0,0,0,80,0,0,0,20,0,34,0,0,0,29,0,93,0,0,0,0,0,0,63,0,33,0,66,0,2,79,39,75,0,0,97,82,0,0,0,36,0,0,0,0,35,0,0,0,32,0,0,99,0,32,0,11,9,0,0,0,0,0,0,0,73,0,0,0,87,0,0,0,0,0,0,100,0,64,0
"155",0,0,0,0,0,0,0,0,0,0,0,0,0,0,0,0,0,0,0,0,0,0,0,0,0,0,0,0,0,0,0,0,0,0,0,0,0,0,0,0,0,0,0,0,0,0,0,0,0,0,0,0,0,0,0,0,0,0,0,0,0,0,0,0,0,0,0,0,0,0,0,0,0,0,0,0,0,0,0,0,0,0,0,0,0,0,0,0,0,0,0,0,0,0,0,0,0,0,0,0,0,0,0,0,0,0,0,0,0,0,0,0,0,0,0,0,0,0,0,0,0,0,0,0,0,0,0,0,0,0,0,0,0,0,0,0,0,0,0,0,0,0,0,0,0,0,0,0,0,0,0,0,0,0,0,0,0,42,0,0,24,0,0,0,0,0,0,0,0,0,0,0,23,0,0,0,0,0,42,0,0,0,0,0,0,0,38,17,0,90,14,0,6,0,0,0,0,56,43,0,0,0,79,86,24,0,0,0,61,0,0,28,0,54,0,50,0,0,0,0,0,18,0,0,0,0,33,87,32,0,0,0,0,62,0,0,0,37,0,0,0,0,96,0,0,0,4,0,85,0,0,92,100,98,53,0,0,44,0,69,86,79,62,0,7,0,0,91,0,0,71,0,0,0,30,0,0,0,0,0,0,0,0,80,0,0,0,0,97,0,32,0,0,0,0,0,0,0,0,0
"156",0,0,0,0,0,0,0,0,0,0,0,0,0,0,0,0,0,0,0,0,0,0,0,0,0,0,0,0,0,0,0,0,0,0,0,0,0,0,0,0,0,0,0,0,0,0,0,0,0,0,0,0,0,0,0,0,0,0,0,0,0,0,0,0,0,0,0,0,0,0,0,0,0,0,0,0,0,0,0,0,0,0,0,0,0,0,0,0,0,0,0,0,0,0,0,0,0,0,0,0,0,0,0,0,0,0,0,0,0,0,0,0,0,0,0,0,0,0,0,0,0,0,0,0,0,0,0,0,0,0,0,0,0,0,0,0,0,0,0,0,0,0,0,0,0,0,0,0,0,0,0,0,0,0,72,0,73,0,0,0,79,0,0,0,0,0,0,0,0,0,0,0,0,0,0,0,0,0,0,0,22,0,0,0,0,17,0,0,0,37,48,0,0,8,0,92,0,0,0,56,0,97,0,0,0,53,0,0,0,14,29,0,0,0,0,0,0,0,8,53,10,0,0,64,0,84,0,44,0,0,75,0,67,0,0,0,0,0,0,0,0,0,0,0,0,0,0,0,30,0,0,79,0,0,0,0,0,0,0,0,0,0,0,0,0,0,0,0,0,0,0,80,0,0,0,43,59,0,39,0,0,0,49,0,84,0,0,0,0,0,0,0,93,0,0,40,0,0,0,0
"157",0,0,0,0,0,0,0,0,0,0,0,0,0,0,0,0,0,0,0,0,0,0,0,0,0,0,0,0,0,0,0,0,0,0,0,0,0,0,0,0,0,0,0,0,0,0,0,0,0,0,0,0,0,0,0,0,0,0,0,0,0,0,0,0,0,0,0,0,0,0,0,0,0,0,0,0,0,0,0,0,0,0,0,0,0,0,0,0,0,0,0,0,0,0,0,0,0,0,0,0,0,0,0,0,0,0,0,0,0,0,0,0,0,0,0,0,0,0,0,0,0,0,0,0,0,0,0,0,0,0,0,0,0,0,0,0,0,0,0,0,0,0,0,0,0,0,0,0,0,0,0,0,0,0,0,0,0,7,0,0,0,0,0,0,0,0,0,0,0,0,44,0,0,0,34,60,53,0,0,0,0,0,0,0,4,0,0,0,0,0,0,0,0,0,0,0,0,0,26,0,0,64,0,0,42,0,67,0,0,0,0,0,0,0,45,43,44,0,0,0,0,0,77,0,74,0,0,0,0,0,24,0,40,53,0,93,0,0,0,73,82,0,3,0,0,0,0,13,29,0,0,69,0,0,19,0,0,0,0,0,0,29,0,0,0,11,0,48,0,13,0,0,74,0,0,50,0,0,0,0,0,0,40,0,0,0,60,0,8,36,0,0,0,0,0,0,56,0,83,66
"158",0,0,0,0,0,0,0,0,0,0,0,0,0,0,0,0,0,0,0,0,0,0,0,0,0,0,0,0,0,0,0,0,0,0,0,0,0,0,0,0,0,0,0,0,0,0,0,0,0,0,0,0,0,0,0,0,0,0,0,0,0,0,0,0,0,0,0,0,0,0,0,0,0,0,0,0,0,0,0,0,0,0,0,0,0,0,0,0,0,0,0,0,0,0,0,0,0,0,0,0,0,0,0,0,0,0,0,0,0,0,0,0,0,0,0,0,0,0,0,0,0,0,0,0,0,0,0,0,0,0,0,0,0,0,0,0,0,0,0,0,0,0,0,0,0,0,0,0,0,0,0,0,0,0,0,0,0,0,0,0,0,0,0,51,0,38,63,0,0,0,0,0,0,0,0,0,49,0,0,0,0,0,0,55,0,1,0,0,0,0,0,0,0,0,85,0,0,0,0,0,0,57,89,0,0,0,0,0,0,0,33,0,0,54,35,0,0,0,0,21,82,0,0,41,24,0,0,0,10,0,0,0,0,67,0,0,0,0,0,0,0,0,48,0,22,0,0,0,0,0,0,0,0,0,0,0,0,0,0,26,0,0,0,0,0,0,0,0,0,0,0,0,0,0,0,85,0,0,0,0,25,18,0,0,0,0,11,20,78,0,0,0,0,0,0,0,0,0,0,0
"159",0,0,0,0,0,0,0,0,0,0,0,0,0,0,0,0,0,0,0,0,0,0,0,0,0,0,0,0,0,0,0,0,0,0,0,0,0,0,0,0,0,0,0,0,0,0,0,0,0,0,0,0,0,0,0,0,0,0,0,0,0,0,0,0,0,0,0,0,0,0,0,0,0,0,0,0,0,0,0,0,0,0,0,0,0,0,0,0,0,0,0,0,0,0,0,0,0,0,0,0,0,0,0,0,0,0,0,0,0,0,0,0,0,0,0,0,0,0,0,0,0,0,0,0,0,0,0,0,0,0,0,0,0,0,0,0,0,0,0,0,0,0,0,0,0,0,0,0,0,0,0,0,0,0,0,0,0,0,0,0,0,0,0,0,32,0,0,0,0,0,0,0,0,36,0,0,0,0,47,21,80,0,0,0,0,0,0,0,0,0,0,0,0,0,0,7,0,69,56,18,90,72,0,0,0,0,61,0,87,0,0,0,0,0,0,0,0,0,0,0,0,0,0,0,0,0,61,0,90,0,10,0,0,0,0,0,0,0,0,0,88,0,0,0,0,0,0,0,0,0,100,0,0,54,0,0,13,80,0,0,0,0,22,84,0,0,0,0,34,0,30,0,0,69,0,0,0,0,98,41,90,60,0,0,0,0,0,0,0,0,0,53,0,0,0,0,0,15,49,0
"160",0,0,0,0,0,0,0,0,0,0,0,0,0,0,0,0,0,0,0,0,0,0,0,0,0,0,0,0,0,0,0,0,0,0,0,0,0,0,0,0,0,0,0,0,0,0,0,0,0,0,0,0,0,0,0,0,0,0,0,0,0,0,0,0,0,0,0,0,0,0,0,0,0,0,0,0,0,0,0,0,0,0,0,0,0,0,0,0,0,0,0,0,0,0,0,0,0,0,0,0,0,0,0,0,0,0,0,0,0,0,0,0,0,0,0,0,0,0,0,0,0,0,0,0,0,0,0,0,0,0,0,0,0,0,0,0,0,0,0,0,0,0,0,0,0,0,0,0,0,0,0,0,0,0,0,0,0,0,0,0,69,37,0,0,0,0,0,0,61,0,0,0,0,0,0,0,51,92,0,0,34,29,0,0,57,0,0,0,26,0,71,0,0,58,0,50,0,0,0,0,0,0,8,0,0,0,0,60,0,0,0,0,0,0,0,72,0,0,36,0,0,10,0,0,72,0,11,0,0,0,0,40,0,0,68,0,51,9,0,0,0,0,93,0,0,0,0,0,0,0,0,0,0,0,0,0,0,0,0,0,0,0,0,0,0,0,74,0,91,0,0,0,0,69,0,42,0,0,0,0,0,93,0,67,77,0,61,0,0,0,0,0,0,0,0,0,0,83,22,0
"161",0,0,0,0,0,0,0,0,0,0,0,0,0,0,0,0,0,0,0,0,0,0,0,0,0,0,0,0,0,0,0,0,0,0,0,0,0,0,0,0,0,0,0,0,0,0,0,0,0,0,0,0,0,0,0,0,0,0,0,0,0,0,0,0,0,0,0,0,0,0,0,0,0,0,0,0,0,0,0,0,0,0,0,0,0,0,0,0,0,0,0,0,0,0,0,0,0,0,0,0,0,0,0,0,0,0,0,0,0,0,0,0,0,0,0,0,0,0,0,0,0,0,0,0,0,0,0,0,0,0,0,0,0,0,0,0,0,0,0,0,0,0,0,0,0,0,0,0,0,0,0,0,0,0,0,0,0,0,0,0,0,0,0,0,0,0,0,0,51,0,0,0,62,0,0,18,0,0,49,14,48,67,0,0,0,0,0,31,0,13,0,0,0,97,0,89,29,0,0,64,14,0,0,0,0,76,0,55,0,0,0,0,0,0,96,41,0,0,0,0,0,0,0,0,0,49,0,0,0,0,45,77,0,22,0,0,0,0,0,0,0,0,73,0,0,0,0,0,73,21,4,0,0,58,100,69,86,0,38,71,0,0,0,0,0,0,54,77,0,16,51,0,0,22,0,88,0,45,0,0,0,0,0,0,0,56,0,20,91,0,0,0,0,75,0,0,0,0,86,0
"162",0,0,0,0,0,0,0,0,0,0,0,0,0,0,0,0,0,0,0,0,0,0,0,0,0,0,0,0,0,0,0,0,0,0,0,0,0,0,0,0,0,0,0,0,0,0,0,0,0,0,0,0,0,0,0,0,0,0,0,0,0,0,0,0,0,0,0,0,0,0,0,0,0,0,0,0,0,0,0,0,0,0,0,0,0,0,0,0,0,0,0,0,0,0,0,0,0,0,0,0,0,0,0,0,0,0,0,0,0,0,0,0,0,0,0,0,0,0,0,0,0,0,0,0,0,0,0,0,0,0,0,0,0,0,0,0,0,0,0,0,0,0,0,0,0,0,0,0,0,0,0,0,0,0,0,0,0,0,0,0,0,28,0,77,0,7,0,64,51,0,0,0,74,0,6,17,0,0,0,0,0,48,0,0,0,0,0,0,0,67,0,0,95,0,14,41,0,0,0,0,0,0,0,0,0,0,0,70,71,0,0,0,0,47,0,0,0,0,55,0,35,0,0,0,0,0,0,85,0,68,0,12,0,0,0,0,0,67,0,87,88,0,0,0,0,0,0,0,0,0,0,0,0,0,41,0,0,0,0,0,53,8,0,0,0,0,0,0,0,0,0,0,63,0,0,0,0,0,0,0,0,0,0,0,0,0,58,0,0,0,0,0,0,0,0,0,43,42,0,0
"163",0,0,0,0,0,0,0,0,0,0,0,0,0,0,0,0,0,0,0,0,0,0,0,0,0,0,0,0,0,0,0,0,0,0,0,0,0,0,0,0,0,0,0,0,0,0,0,0,0,0,0,0,0,0,0,0,0,0,0,0,0,0,0,0,0,0,0,0,0,0,0,0,0,0,0,0,0,0,0,0,0,0,0,0,0,0,0,0,0,0,0,0,0,0,0,0,0,0,0,0,0,0,0,0,0,0,0,0,0,0,0,0,0,0,0,0,0,0,0,0,0,0,0,0,0,0,0,0,0,0,0,0,0,0,0,0,0,0,0,0,0,0,0,0,0,0,0,0,0,0,0,0,0,0,0,0,0,0,0,0,0,0,0,0,100,0,0,0,0,0,0,0,0,99,93,0,0,0,0,0,22,0,0,42,27,0,0,0,0,68,0,73,87,51,0,0,0,0,0,0,0,0,0,85,24,85,0,0,0,0,75,79,0,0,0,61,0,0,0,0,99,0,0,0,0,0,0,86,18,83,0,0,67,34,0,0,85,0,0,0,0,0,0,0,0,62,67,0,0,0,0,0,0,0,0,0,0,5,0,0,0,0,0,0,0,0,0,23,42,0,0,15,0,0,34,75,14,16,30,0,0,27,0,0,0,0,0,0,0,0,0,91,0,0,0,0,0,0,92,0
"164",0,0,0,0,0,0,0,0,0,0,0,0,0,0,0,0,0,0,0,0,0,0,0,0,0,0,0,0,0,0,0,0,0,0,0,0,0,0,0,0,0,0,0,0,0,0,0,0,0,0,0,0,0,0,0,0,0,0,0,0,0,0,0,0,0,0,0,0,0,0,0,0,0,0,0,0,0,0,0,0,0,0,0,0,0,0,0,0,0,0,0,0,0,0,0,0,0,0,0,0,0,0,0,0,0,0,0,0,0,0,0,0,0,0,0,0,0,0,0,0,0,0,0,0,0,0,0,0,0,0,0,0,0,0,0,0,0,0,0,0,0,0,0,0,0,0,0,0,0,0,0,0,0,0,0,0,0,0,0,0,0,0,0,12,58,0,0,0,6,0,0,0,0,0,0,84,0,0,14,0,0,0,67,73,90,0,0,0,0,0,0,0,0,66,51,0,0,0,0,1,2,11,0,79,0,90,0,92,0,6,0,0,0,0,0,0,0,0,25,20,0,0,0,0,0,0,0,0,100,0,0,22,0,0,0,60,0,40,0,0,0,0,14,0,23,0,69,0,0,0,0,0,0,0,0,36,56,0,0,0,48,15,70,0,0,0,0,0,0,0,0,0,0,87,0,0,0,0,0,0,87,0,0,0,79,0,2,0,0,0,0,60,0,0,0,0,25,93,0,0
"165",0,0,0,0,0,0,0,0,0,0,0,0,0,0,0,0,0,0,0,0,0,0,0,0,0,0,0,0,0,0,0,0,0,0,0,0,0,0,0,0,0,0,0,0,0,0,0,0,0,0,0,0,0,0,0,0,0,0,0,0,0,0,0,0,0,0,0,0,0,0,0,0,0,0,0,0,0,0,0,0,0,0,0,0,0,0,0,0,0,0,0,0,0,0,0,0,0,0,0,0,0,0,0,0,0,0,0,0,0,0,0,0,0,0,0,0,0,0,0,0,0,0,0,0,0,0,0,0,0,0,0,0,0,0,0,0,0,0,0,0,0,0,0,0,0,0,0,0,0,0,0,0,0,0,0,0,0,0,0,0,0,0,0,83,0,0,0,0,0,0,47,0,16,0,0,0,0,85,0,0,7,0,0,63,0,76,0,0,0,0,0,0,0,0,0,0,75,0,23,77,0,0,0,0,0,96,0,0,0,0,0,0,0,0,0,0,0,14,0,91,72,4,0,6,0,0,0,0,0,0,12,0,72,0,0,0,0,0,0,0,0,0,0,49,48,0,0,0,19,0,49,30,0,0,0,0,63,0,0,0,24,14,0,0,0,0,0,0,0,0,0,0,16,0,0,0,0,88,0,0,0,0,0,0,0,0,44,19,53,25,0,0,0,0,0,53,0,0,0,22
"166",0,0,0,0,0,0,0,0,0,0,0,0,0,0,0,0,0,0,0,0,0,0,0,0,0,0,0,0,0,0,0,0,0,0,0,0,0,0,0,0,0,0,0,0,0,0,0,0,0,0,0,0,0,0,0,0,0,0,0,0,0,0,0,0,0,0,0,0,0,0,0,0,0,0,0,0,0,0,0,0,0,0,0,0,0,0,0,0,0,0,0,0,0,0,0,0,0,0,0,0,0,0,0,0,0,0,0,0,0,0,0,0,0,0,0,0,0,0,0,0,0,0,0,0,0,0,0,0,0,0,0,0,0,0,0,0,0,0,0,0,0,0,0,0,0,0,0,0,0,0,0,0,0,0,0,0,0,0,0,0,0,0,0,0,0,45,66,38,0,0,0,76,82,86,0,0,0,0,0,0,0,0,30,0,0,27,0,23,0,0,0,0,0,0,0,11,0,0,71,0,0,47,0,0,0,0,0,0,0,0,0,0,0,0,0,0,0,0,0,20,0,0,0,0,0,60,0,0,0,0,0,0,0,0,0,76,0,43,0,0,0,0,0,0,0,72,0,0,0,0,47,0,0,83,0,35,0,0,0,0,25,52,0,31,0,0,0,0,0,0,0,0,19,0,0,0,0,56,0,0,0,47,0,0,0,0,43,0,0,0,0,0,0,0,0,0,0,97,0,0
"167",0,0,0,0,0,0,0,0,0,0,0,0,0,0,0,0,0,0,0,0,0,0,0,0,0,0,0,0,0,0,0,0,0,0,0,0,0,0,0,0,0,0,0,0,0,0,0,0,0,0,0,0,0,0,0,0,0,0,0,0,0,0,0,0,0,0,0,0,0,0,0,0,0,0,0,0,0,0,0,0,0,0,0,0,0,0,0,0,0,0,0,0,0,0,0,0,0,0,0,0,0,0,0,0,0,0,0,0,0,0,0,0,0,0,0,0,0,0,0,0,0,0,0,0,0,0,0,0,0,0,0,0,0,0,0,0,0,0,0,0,0,0,0,0,0,0,0,0,0,0,0,0,0,0,0,0,0,0,0,0,0,0,0,0,0,41,11,0,0,0,0,0,0,88,0,97,19,0,0,0,0,0,0,0,0,0,0,0,25,0,0,0,0,0,0,0,0,0,2,0,18,0,0,0,97,0,0,0,0,0,0,0,0,0,0,0,0,46,0,94,70,0,0,0,0,0,25,0,0,0,0,0,0,54,0,82,0,0,0,7,0,0,0,0,0,0,0,93,0,0,0,0,66,0,0,0,37,0,0,0,0,0,76,7,0,1,0,81,7,0,0,0,0,0,0,0,0,32,0,0,0,56,0,52,90,20,90,0,16,32,0,75,94,50,0,0,100,0,28,0
"168",0,0,0,0,0,0,0,0,0,0,0,0,0,0,0,0,0,0,0,0,0,0,0,0,0,0,0,0,0,0,0,0,0,0,0,0,0,0,0,0,0,0,0,0,0,0,0,0,0,0,0,0,0,0,0,0,0,0,0,0,0,0,0,0,0,0,0,0,0,0,0,0,0,0,0,0,0,0,0,0,0,0,0,0,0,0,0,0,0,0,0,0,0,0,0,0,0,0,0,0,0,0,0,0,0,0,0,0,0,0,0,0,0,0,0,0,0,0,0,0,0,0,0,0,0,0,0,0,0,0,0,0,0,0,0,0,0,0,0,0,0,0,0,0,0,0,0,0,0,0,0,0,0,0,0,0,0,0,0,0,0,0,0,0,0,0,0,0,0,84,51,0,0,0,52,0,0,1,0,50,0,0,0,0,0,0,0,0,0,0,0,0,0,0,78,58,0,0,0,0,0,0,0,70,84,0,0,75,0,85,56,0,72,0,0,0,0,0,65,0,0,0,0,0,0,63,40,0,0,0,0,0,0,0,35,0,56,0,0,0,0,0,49,82,0,0,33,0,61,0,35,0,0,0,0,0,0,73,0,39,0,0,0,0,0,0,6,0,0,0,0,0,0,0,0,0,0,0,0,0,1,79,0,0,12,0,0,0,0,0,0,0,7,31,0,78,63,0,0,0
"169",0,0,0,0,0,0,0,0,0,0,0,0,0,0,0,0,0,0,0,0,0,0,0,0,0,0,0,0,0,0,0,0,0,0,0,0,0,0,0,0,0,0,0,0,0,0,0,0,0,0,0,0,0,0,0,0,0,0,0,0,0,0,0,0,0,0,0,0,0,0,0,0,0,0,0,0,0,0,0,0,0,0,0,0,0,0,0,0,0,0,0,0,0,0,0,0,0,0,0,0,0,0,0,0,0,0,0,0,0,0,0,0,0,0,0,0,0,0,0,0,0,0,0,0,0,0,0,0,0,0,0,0,0,0,0,0,0,0,0,0,0,0,0,0,0,0,0,0,0,0,0,0,0,0,0,0,0,0,0,0,0,0,0,0,0,0,0,0,0,37,57,0,0,0,0,11,71,0,5,0,0,0,0,0,0,0,0,4,46,23,0,0,0,65,0,13,0,75,47,0,0,0,0,0,0,0,0,76,0,0,0,1,0,0,0,0,64,0,0,0,0,43,0,30,0,0,0,0,0,39,0,0,36,0,12,94,38,96,69,42,0,0,0,0,0,0,0,0,0,8,0,20,0,0,0,0,0,0,0,0,4,0,0,95,0,0,73,1,0,0,0,49,0,0,0,0,16,0,0,0,0,0,0,0,63,0,0,7,0,26,0,0,0,0,0,93,21,0,0,0
"170",0,0,0,0,0,0,0,0,0,0,0,0,0,0,0,0,0,0,0,0,0,0,0,0,0,0,0,0,0,0,0,0,0,0,0,0,0,0,0,0,0,0,0,0,0,0,0,0,0,0,0,0,0,0,0,0,0,0,0,0,0,0,0,0,0,0,0,0,0,0,0,0,0,0,0,0,0,0,0,0,0,0,0,0,0,0,0,0,0,0,0,0,0,0,0,0,0,0,0,0,0,0,0,0,0,0,0,0,0,0,0,0,0,0,0,0,0,0,0,0,0,0,0,0,0,0,0,0,0,0,0,0,0,0,0,0,0,0,0,0,0,0,0,0,0,0,0,0,0,0,0,0,0,0,0,0,0,0,0,0,0,0,0,0,0,0,0,0,0,0,0,0,0,41,0,0,0,0,0,0,0,90,0,42,0,0,0,0,0,0,0,0,0,83,4,0,0,0,0,0,0,0,0,0,0,0,0,0,0,0,72,0,30,0,0,0,0,0,0,0,0,0,0,0,36,0,15,0,28,0,0,0,0,0,0,0,51,0,0,45,0,0,35,0,0,0,0,0,0,0,23,0,0,0,0,22,0,0,0,21,16,0,0,0,0,85,0,0,38,0,0,0,0,0,0,0,0,0,0,0,0,0,0,0,0,0,0,0,0,0,0,0,0,45,0,0,76,0,0,49
"171",0,0,0,0,0,0,0,0,0,0,0,0,0,0,0,0,0,0,0,0,0,0,0,0,0,0,0,0,0,0,0,0,0,0,0,0,0,0,0,0,0,0,0,0,0,0,0,0,0,0,0,0,0,0,0,0,0,0,0,0,0,0,0,0,0,0,0,0,0,0,0,0,0,0,0,0,0,0,0,0,0,0,0,0,0,0,0,0,0,0,0,0,0,0,0,0,0,0,0,0,0,0,0,0,0,0,0,0,0,0,0,0,0,0,0,0,0,0,0,0,0,0,0,0,0,0,0,0,0,0,0,0,0,0,0,0,0,0,0,0,0,0,0,0,0,0,0,0,0,0,0,0,0,0,0,0,0,0,0,0,0,0,0,0,0,0,0,0,0,0,97,0,34,71,46,94,0,0,0,65,0,91,34,81,11,58,0,0,0,0,0,0,0,0,0,0,0,0,0,0,0,0,0,90,62,0,0,0,0,0,58,0,34,0,0,73,0,0,0,0,86,0,0,0,0,0,50,0,37,0,0,0,0,54,93,0,0,0,0,0,0,0,0,0,0,0,0,0,0,0,25,0,0,0,32,28,0,4,0,0,0,0,0,0,0,27,0,0,0,77,0,87,0,0,0,0,0,0,0,0,0,0,0,0,2,0,0,0,35,0,0,0,0,0,24,100,0,0,58,0
"172",0,0,0,0,0,0,0,0,0,0,0,0,0,0,0,0,0,0,0,0,0,0,0,0,0,0,0,0,0,0,0,0,0,0,0,0,0,0,0,0,0,0,0,0,0,0,0,0,0,0,0,0,0,0,0,0,0,0,0,0,0,0,0,0,0,0,0,0,0,0,0,0,0,0,0,0,0,0,0,0,0,0,0,0,0,0,0,0,0,0,0,0,0,0,0,0,0,0,0,0,0,0,0,0,0,0,0,0,0,0,0,0,0,0,0,0,0,0,0,0,0,0,0,0,0,0,0,0,0,0,0,0,0,0,0,0,0,0,0,0,0,0,0,0,0,0,0,0,0,0,0,0,0,0,0,0,0,0,0,0,0,0,0,0,0,0,0,0,0,0,0,0,0,59,0,57,0,0,48,0,99,0,0,0,0,0,0,0,15,0,72,0,0,0,0,0,0,0,46,4,0,0,0,0,66,0,37,62,0,0,69,0,0,0,0,0,0,88,35,78,0,43,0,0,66,0,0,0,0,0,0,0,0,0,0,0,0,71,0,0,0,68,43,64,33,85,0,93,0,0,0,0,0,24,55,0,0,13,58,0,0,0,62,57,0,32,0,0,0,0,0,0,0,97,66,0,0,92,11,75,0,0,0,0,70,0,0,0,0,85,0,0,0,70,0,0,0,0,0,0
"173",0,0,0,0,0,0,0,0,0,0,0,0,0,0,0,0,0,0,0,0,0,0,0,0,0,0,0,0,0,0,0,0,0,0,0,0,0,0,0,0,0,0,0,0,0,0,0,0,0,0,0,0,0,0,0,0,0,0,0,0,0,0,0,0,0,0,0,0,0,0,0,0,0,0,0,0,0,0,0,0,0,0,0,0,0,0,0,0,0,0,0,0,0,0,0,0,0,0,0,0,0,0,0,0,0,0,0,0,0,0,0,0,0,0,0,0,0,0,0,0,0,0,0,0,0,0,0,0,0,0,0,0,0,0,0,0,0,0,0,0,0,0,0,0,0,0,0,0,0,0,0,0,0,0,0,0,0,0,0,0,0,0,0,0,0,0,0,0,0,0,0,0,0,0,16,0,26,0,0,88,0,0,0,38,0,90,0,0,0,0,0,0,0,0,0,0,0,0,0,0,0,0,0,0,0,0,0,23,0,0,0,0,0,0,0,48,0,0,94,60,0,0,0,0,0,0,0,0,0,53,0,0,44,0,26,0,100,0,0,0,18,23,0,0,0,0,0,0,0,0,0,0,0,0,0,60,0,0,29,0,0,0,0,0,0,0,0,92,0,0,0,0,0,100,0,0,20,0,0,64,0,0,0,0,0,0,0,0,0,0,0,0,0,10,0,0,0,0,0,16
"174",0,0,0,0,0,0,0,0,0,0,0,0,0,0,0,0,0,0,0,0,0,0,0,0,0,0,0,0,0,0,0,0,0,0,0,0,0,0,0,0,0,0,0,0,0,0,0,0,0,0,0,0,0,0,0,0,0,0,0,0,0,0,0,0,0,0,0,0,0,0,0,0,0,0,0,0,0,0,0,0,0,0,0,0,0,0,0,0,0,0,0,0,0,0,0,0,0,0,0,0,0,0,0,0,0,0,0,0,0,0,0,0,0,0,0,0,0,0,0,0,0,0,0,0,0,0,0,0,0,0,0,0,0,0,0,0,0,0,0,0,0,0,0,0,0,0,0,0,0,0,0,0,0,0,0,0,0,0,0,0,0,0,0,0,0,0,0,0,0,0,0,0,0,70,0,26,0,0,63,95,0,99,0,0,0,27,0,0,53,67,0,0,81,65,0,0,0,0,0,34,0,0,0,0,94,0,0,0,0,0,0,0,0,0,61,0,22,0,0,0,0,0,0,0,0,0,0,0,0,0,73,0,0,69,0,0,0,0,0,0,0,0,0,71,0,0,2,0,0,95,0,14,0,0,0,0,0,0,0,0,38,24,0,0,79,80,0,0,0,0,0,0,0,0,0,10,89,0,0,0,0,50,0,0,0,0,0,79,0,0,0,0,0,0,0,0,0,0,0,75
"175",0,0,0,0,0,0,0,0,0,0,0,0,0,0,0,0,0,0,0,0,0,0,0,0,0,0,0,0,0,0,0,0,0,0,0,0,0,0,0,0,0,0,0,0,0,0,0,0,0,0,0,0,0,0,0,0,0,0,0,0,0,0,0,0,0,0,0,0,0,0,0,0,0,0,0,0,0,0,0,0,0,0,0,0,0,0,0,0,0,0,0,0,0,0,0,0,0,0,0,0,0,0,0,0,0,0,0,0,0,0,0,0,0,0,0,0,0,0,0,0,0,0,0,0,0,0,0,0,0,0,0,0,0,0,0,0,0,0,0,0,0,0,0,0,0,0,0,0,0,0,0,0,0,0,0,0,0,0,0,0,0,0,0,0,0,0,0,0,0,0,0,0,0,0,0,34,0,61,0,100,0,0,0,0,47,0,91,0,85,0,0,0,0,5,0,0,0,0,98,0,4,53,63,0,0,0,13,3,0,0,0,0,0,0,0,0,0,79,0,0,2,0,0,0,0,0,0,45,0,0,0,0,0,0,0,44,0,0,0,0,26,0,0,0,0,32,0,0,29,49,0,0,67,85,0,0,0,71,0,0,0,95,59,8,0,0,0,88,0,0,0,0,0,82,0,83,0,0,48,0,0,31,0,39,0,13,0,0,0,0,0,0,39,0,0,0,0,80,0,0
"176",0,0,0,0,0,0,0,0,0,0,0,0,0,0,0,0,0,0,0,0,0,0,0,0,0,0,0,0,0,0,0,0,0,0,0,0,0,0,0,0,0,0,0,0,0,0,0,0,0,0,0,0,0,0,0,0,0,0,0,0,0,0,0,0,0,0,0,0,0,0,0,0,0,0,0,0,0,0,0,0,0,0,0,0,0,0,0,0,0,0,0,0,0,0,0,0,0,0,0,0,0,0,0,0,0,0,0,0,0,0,0,0,0,0,0,0,0,0,0,0,0,0,0,0,0,0,0,0,0,0,0,0,0,0,0,0,0,0,0,0,0,0,0,0,0,0,0,0,0,0,0,0,0,0,0,0,0,0,0,0,0,0,0,0,0,0,0,0,0,0,0,0,0,0,0,96,0,0,0,0,0,0,0,0,60,0,0,42,0,25,0,0,0,0,0,0,0,0,0,46,0,0,73,0,0,0,0,0,0,43,0,0,0,0,0,72,0,0,0,0,0,0,0,0,0,0,0,0,0,0,88,0,0,0,0,0,0,0,0,0,0,0,0,74,0,0,0,89,0,33,0,0,0,50,0,0,18,0,0,0,47,0,3,0,0,20,62,0,66,0,8,0,0,0,0,0,0,4,0,0,48,0,0,0,0,0,0,0,0,0,0,59,78,13,64,72,86,13,71,0
"177",0,0,0,0,0,0,0,0,0,0,0,0,0,0,0,0,0,0,0,0,0,0,0,0,0,0,0,0,0,0,0,0,0,0,0,0,0,0,0,0,0,0,0,0,0,0,0,0,0,0,0,0,0,0,0,0,0,0,0,0,0,0,0,0,0,0,0,0,0,0,0,0,0,0,0,0,0,0,0,0,0,0,0,0,0,0,0,0,0,0,0,0,0,0,0,0,0,0,0,0,0,0,0,0,0,0,0,0,0,0,0,0,0,0,0,0,0,0,0,0,0,0,0,0,0,0,0,0,0,0,0,0,0,0,0,0,0,0,0,0,0,0,0,0,0,0,0,0,0,0,0,0,0,0,0,0,0,0,0,0,0,0,0,0,0,0,0,0,0,0,0,0,0,0,0,0,0,0,0,89,0,0,0,0,81,0,0,95,0,0,7,0,0,0,0,0,0,0,0,0,0,54,19,0,0,62,0,0,0,0,0,0,0,0,0,0,0,82,0,0,35,0,0,0,0,0,0,67,0,5,0,31,0,39,0,0,0,0,72,0,0,0,0,0,0,10,0,8,0,0,0,0,84,0,0,0,29,0,76,0,0,49,9,0,17,0,39,0,0,70,0,0,0,0,0,56,0,0,0,0,73,0,0,59,0,0,0,0,0,0,0,0,8,76,0,0,57,34,0,0
"178",0,0,0,0,0,0,0,0,0,0,0,0,0,0,0,0,0,0,0,0,0,0,0,0,0,0,0,0,0,0,0,0,0,0,0,0,0,0,0,0,0,0,0,0,0,0,0,0,0,0,0,0,0,0,0,0,0,0,0,0,0,0,0,0,0,0,0,0,0,0,0,0,0,0,0,0,0,0,0,0,0,0,0,0,0,0,0,0,0,0,0,0,0,0,0,0,0,0,0,0,0,0,0,0,0,0,0,0,0,0,0,0,0,0,0,0,0,0,0,0,0,0,0,0,0,0,0,0,0,0,0,0,0,0,0,0,0,0,0,0,0,0,0,0,0,0,0,0,0,0,0,0,0,0,0,0,0,0,0,0,0,0,0,0,0,0,0,0,0,0,0,0,0,0,0,0,0,0,0,0,0,0,0,0,0,21,0,0,0,11,56,0,44,0,0,0,0,0,0,0,0,72,39,5,0,26,88,4,69,97,0,0,55,0,32,0,0,0,0,0,26,33,0,6,0,0,75,0,0,27,0,0,0,0,0,0,0,0,0,0,0,0,0,0,0,13,0,0,57,48,0,0,87,0,0,0,0,0,0,0,0,0,0,87,0,5,0,0,0,0,0,62,0,70,93,21,0,0,0,0,0,0,31,0,31,68,0,86,0,0,0,0,0,0,64,0,0,0,0,0
"179",0,0,0,0,0,0,0,0,0,0,0,0,0,0,0,0,0,0,0,0,0,0,0,0,0,0,0,0,0,0,0,0,0,0,0,0,0,0,0,0,0,0,0,0,0,0,0,0,0,0,0,0,0,0,0,0,0,0,0,0,0,0,0,0,0,0,0,0,0,0,0,0,0,0,0,0,0,0,0,0,0,0,0,0,0,0,0,0,0,0,0,0,0,0,0,0,0,0,0,0,0,0,0,0,0,0,0,0,0,0,0,0,0,0,0,0,0,0,0,0,0,0,0,0,0,0,0,0,0,0,0,0,0,0,0,0,0,0,0,0,0,0,0,0,0,0,0,0,0,0,0,0,0,0,0,0,0,0,0,0,0,0,0,0,0,0,0,0,0,0,0,0,0,0,0,0,0,0,74,0,97,29,0,0,0,0,0,0,42,0,0,0,15,0,0,0,0,0,0,0,0,0,0,0,27,0,0,0,87,0,0,0,0,0,0,20,0,32,43,93,0,0,0,47,0,0,0,0,7,0,67,0,0,0,20,0,0,0,0,73,0,75,0,0,0,0,0,38,55,0,0,0,0,3,89,99,0,36,97,0,0,58,35,0,0,9,0,0,0,0,0,0,0,0,0,38,0,49,0,0,0,0,0,0,0,0,0,0,0,0,71,0,0,0,0,44,0,0,0,0
"180",0,0,0,0,0,0,0,0,0,0,0,0,0,0,0,0,0,0,0,0,0,0,0,0,0,0,0,0,0,0,0,0,0,0,0,0,0,0,0,0,0,0,0,0,0,0,0,0,0,0,0,0,0,0,0,0,0,0,0,0,0,0,0,0,0,0,0,0,0,0,0,0,0,0,0,0,0,0,0,0,0,0,0,0,0,0,0,0,0,0,0,0,0,0,0,0,0,0,0,0,0,0,0,0,0,0,0,0,0,0,0,0,0,0,0,0,0,0,0,0,0,0,0,0,0,0,0,0,0,0,0,0,0,0,0,0,0,0,0,0,0,0,0,0,0,0,0,0,0,0,0,0,0,0,0,0,0,0,0,0,0,0,0,0,0,0,0,0,0,0,0,0,0,0,0,0,0,0,22,0,0,0,0,82,0,0,0,27,0,0,0,81,0,80,0,18,0,61,0,0,0,0,0,0,42,0,0,63,0,0,7,0,45,0,0,0,0,0,98,59,19,0,0,0,0,10,0,30,65,46,0,0,0,5,0,62,0,0,0,16,0,0,38,0,14,0,0,0,59,0,0,0,0,0,0,38,0,0,0,5,0,70,0,0,0,0,0,0,0,34,62,0,0,0,1,0,40,0,0,0,0,15,0,0,82,0,0,0,0,0,0,0,0,0,69,0,59,0,0,76
"181",0,0,0,0,0,0,0,0,0,0,0,0,0,0,0,0,0,0,0,0,0,0,0,0,0,0,0,0,0,0,0,0,0,0,0,0,0,0,0,0,0,0,0,0,0,0,0,0,0,0,0,0,0,0,0,0,0,0,0,0,0,0,0,0,0,0,0,0,0,0,0,0,0,0,0,0,0,0,0,0,0,0,0,0,0,0,0,0,0,0,0,0,0,0,0,0,0,0,0,0,0,0,0,0,0,0,0,0,0,0,0,0,0,0,0,0,0,0,0,0,0,0,0,0,0,0,0,0,0,0,0,0,0,0,0,0,0,0,0,0,0,0,0,0,0,0,0,0,0,0,0,0,0,0,0,0,0,0,0,0,0,0,0,0,0,0,0,0,0,0,0,0,0,0,0,0,0,0,0,0,0,77,0,0,0,0,0,69,0,0,0,0,74,0,0,98,0,87,0,96,0,0,0,72,0,68,0,0,0,95,0,0,0,0,0,66,0,0,95,44,0,0,0,0,0,54,0,31,0,0,0,0,0,13,0,0,0,0,0,0,4,0,0,66,0,45,0,0,0,0,0,0,0,0,0,0,0,0,16,0,0,0,0,0,16,0,71,0,0,0,0,45,90,0,59,0,0,0,0,37,0,0,0,0,0,0,0,0,0,0,0,13,0,0,0,0,35,0,0,21
"182",0,0,0,0,0,0,0,0,0,0,0,0,0,0,0,0,0,0,0,0,0,0,0,0,0,0,0,0,0,0,0,0,0,0,0,0,0,0,0,0,0,0,0,0,0,0,0,0,0,0,0,0,0,0,0,0,0,0,0,0,0,0,0,0,0,0,0,0,0,0,0,0,0,0,0,0,0,0,0,0,0,0,0,0,0,0,0,0,0,0,0,0,0,0,0,0,0,0,0,0,0,0,0,0,0,0,0,0,0,0,0,0,0,0,0,0,0,0,0,0,0,0,0,0,0,0,0,0,0,0,0,0,0,0,0,0,0,0,0,0,0,0,0,0,0,0,0,0,0,0,0,0,0,0,0,0,0,0,0,0,0,0,0,0,0,0,0,0,0,0,0,0,0,0,0,0,0,0,0,0,23,0,0,0,0,63,86,0,1,0,0,0,0,0,0,0,51,0,0,0,40,31,2,0,0,0,0,0,0,0,0,100,0,0,0,0,0,0,0,48,0,0,24,0,49,0,46,55,80,0,0,34,0,0,0,0,88,0,0,0,78,0,78,0,28,78,0,0,0,0,0,0,0,0,0,0,0,0,0,0,0,0,0,0,0,0,0,0,0,0,0,45,0,0,0,0,0,0,0,48,95,0,69,100,0,0,0,0,0,65,0,0,60,0,70,0,0,0,0,0
"183",0,0,0,0,0,0,0,0,0,0,0,0,0,0,0,0,0,0,0,0,0,0,0,0,0,0,0,0,0,0,0,0,0,0,0,0,0,0,0,0,0,0,0,0,0,0,0,0,0,0,0,0,0,0,0,0,0,0,0,0,0,0,0,0,0,0,0,0,0,0,0,0,0,0,0,0,0,0,0,0,0,0,0,0,0,0,0,0,0,0,0,0,0,0,0,0,0,0,0,0,0,0,0,0,0,0,0,0,0,0,0,0,0,0,0,0,0,0,0,0,0,0,0,0,0,0,0,0,0,0,0,0,0,0,0,0,0,0,0,0,0,0,0,0,0,0,0,0,0,0,0,0,0,0,0,0,0,0,0,0,0,0,0,0,0,0,0,0,0,0,0,0,0,0,0,0,0,0,0,0,0,0,0,0,0,0,35,0,11,0,0,69,0,0,88,0,0,0,98,12,66,0,0,0,0,0,0,8,7,0,0,0,0,0,0,38,0,0,0,26,40,66,0,0,0,52,0,0,39,0,20,0,0,0,0,0,0,45,0,31,0,0,17,22,0,0,0,36,0,0,0,54,0,16,87,0,0,0,0,0,0,0,45,0,0,0,0,0,0,0,0,0,0,5,0,0,0,0,6,0,0,0,0,0,0,0,0,0,0,0,0,0,0,0,0,0,0,40,0,0
"184",0,0,0,0,0,0,0,0,0,0,0,0,0,0,0,0,0,0,0,0,0,0,0,0,0,0,0,0,0,0,0,0,0,0,0,0,0,0,0,0,0,0,0,0,0,0,0,0,0,0,0,0,0,0,0,0,0,0,0,0,0,0,0,0,0,0,0,0,0,0,0,0,0,0,0,0,0,0,0,0,0,0,0,0,0,0,0,0,0,0,0,0,0,0,0,0,0,0,0,0,0,0,0,0,0,0,0,0,0,0,0,0,0,0,0,0,0,0,0,0,0,0,0,0,0,0,0,0,0,0,0,0,0,0,0,0,0,0,0,0,0,0,0,0,0,0,0,0,0,0,0,0,0,0,0,0,0,0,0,0,0,0,0,0,0,0,0,0,0,0,0,0,0,0,0,0,0,0,0,0,0,0,0,0,79,0,66,22,60,59,0,35,0,0,0,0,2,0,0,0,0,0,0,0,0,0,0,0,0,0,0,0,0,74,0,0,0,0,0,0,0,31,45,0,0,0,25,0,0,0,0,0,0,0,0,0,0,67,0,0,0,0,0,0,0,6,0,10,25,0,21,46,0,4,0,0,71,0,0,0,0,0,58,0,0,0,0,14,0,96,0,0,76,0,0,71,0,0,0,0,0,69,30,28,0,0,0,0,14,0,0,0,0,0,91,1,35,98,0,46
"185",0,0,0,0,0,0,0,0,0,0,0,0,0,0,0,0,0,0,0,0,0,0,0,0,0,0,0,0,0,0,0,0,0,0,0,0,0,0,0,0,0,0,0,0,0,0,0,0,0,0,0,0,0,0,0,0,0,0,0,0,0,0,0,0,0,0,0,0,0,0,0,0,0,0,0,0,0,0,0,0,0,0,0,0,0,0,0,0,0,0,0,0,0,0,0,0,0,0,0,0,0,0,0,0,0,0,0,0,0,0,0,0,0,0,0,0,0,0,0,0,0,0,0,0,0,0,0,0,0,0,0,0,0,0,0,0,0,0,0,0,0,0,0,0,0,0,0,0,0,0,0,0,0,0,0,0,0,0,0,0,0,0,0,0,0,0,0,0,0,0,0,0,0,0,0,0,0,0,0,0,0,0,0,0,46,3,0,0,0,0,0,0,0,7,0,15,0,49,0,0,0,0,0,0,91,0,0,0,0,35,0,7,0,0,0,40,72,88,0,0,0,49,0,0,0,92,0,81,0,89,0,0,0,0,85,0,19,92,70,76,0,97,0,0,0,0,0,0,0,0,0,0,0,0,0,0,22,0,0,31,0,0,77,0,39,0,0,0,0,0,0,0,0,0,36,0,0,60,0,0,0,47,0,84,56,0,15,0,0,0,0,0,63,4,0,0,0,90,0,0
"186",0,0,0,0,0,0,0,0,0,0,0,0,0,0,0,0,0,0,0,0,0,0,0,0,0,0,0,0,0,0,0,0,0,0,0,0,0,0,0,0,0,0,0,0,0,0,0,0,0,0,0,0,0,0,0,0,0,0,0,0,0,0,0,0,0,0,0,0,0,0,0,0,0,0,0,0,0,0,0,0,0,0,0,0,0,0,0,0,0,0,0,0,0,0,0,0,0,0,0,0,0,0,0,0,0,0,0,0,0,0,0,0,0,0,0,0,0,0,0,0,0,0,0,0,0,0,0,0,0,0,0,0,0,0,0,0,0,0,0,0,0,0,0,0,0,0,0,0,0,0,0,0,0,0,0,0,0,0,0,0,0,0,0,0,0,0,0,0,0,0,0,0,0,0,0,0,0,0,0,0,0,0,0,0,0,0,0,17,0,0,0,0,0,57,0,13,0,0,0,0,9,0,0,0,21,33,0,81,0,0,47,60,0,0,0,70,0,67,0,0,0,0,0,24,3,0,0,0,0,0,0,0,0,44,0,0,0,0,0,0,0,0,13,0,0,0,0,0,26,100,0,0,0,0,0,0,0,0,87,0,0,0,0,0,87,0,0,0,0,0,83,0,0,0,0,0,87,0,0,0,0,0,0,0,56,0,0,0,16,0,1,0,0,0,0,0,0,0,0,0
"187",0,0,0,0,0,0,0,0,0,0,0,0,0,0,0,0,0,0,0,0,0,0,0,0,0,0,0,0,0,0,0,0,0,0,0,0,0,0,0,0,0,0,0,0,0,0,0,0,0,0,0,0,0,0,0,0,0,0,0,0,0,0,0,0,0,0,0,0,0,0,0,0,0,0,0,0,0,0,0,0,0,0,0,0,0,0,0,0,0,0,0,0,0,0,0,0,0,0,0,0,0,0,0,0,0,0,0,0,0,0,0,0,0,0,0,0,0,0,0,0,0,0,0,0,0,0,0,0,0,0,0,0,0,0,0,0,0,0,0,0,0,0,0,0,0,0,0,0,0,0,0,0,0,0,0,0,0,0,0,0,0,0,0,0,0,0,0,0,0,0,0,0,0,0,0,0,0,0,0,0,0,0,0,0,0,0,0,0,0,0,0,0,0,79,0,0,79,0,99,0,0,9,0,0,0,0,20,0,36,0,98,74,34,0,0,0,0,62,72,89,39,46,0,39,0,0,0,0,0,25,0,24,0,63,0,6,0,0,0,0,0,0,0,33,19,0,0,0,0,0,0,0,0,35,0,0,0,0,0,56,0,0,0,0,0,10,75,11,0,0,0,70,0,0,0,61,0,2,0,0,0,0,0,0,0,0,0,0,0,0,0,0,0,0,43,0,0,0,0,0
"188",0,0,0,0,0,0,0,0,0,0,0,0,0,0,0,0,0,0,0,0,0,0,0,0,0,0,0,0,0,0,0,0,0,0,0,0,0,0,0,0,0,0,0,0,0,0,0,0,0,0,0,0,0,0,0,0,0,0,0,0,0,0,0,0,0,0,0,0,0,0,0,0,0,0,0,0,0,0,0,0,0,0,0,0,0,0,0,0,0,0,0,0,0,0,0,0,0,0,0,0,0,0,0,0,0,0,0,0,0,0,0,0,0,0,0,0,0,0,0,0,0,0,0,0,0,0,0,0,0,0,0,0,0,0,0,0,0,0,0,0,0,0,0,0,0,0,0,0,0,0,0,0,0,0,0,0,0,0,0,0,0,0,0,0,0,0,0,0,0,0,0,0,0,0,0,0,0,0,0,0,0,0,0,0,0,0,23,0,0,0,0,0,0,0,96,0,7,0,0,9,87,0,0,0,0,0,0,0,20,0,25,0,0,0,0,0,5,95,47,0,0,0,0,0,0,82,0,18,0,0,59,0,52,33,0,0,0,0,0,0,0,0,0,0,0,0,0,51,49,0,0,0,1,0,0,0,0,0,63,0,0,0,19,0,0,0,74,0,0,0,8,0,0,0,0,0,0,62,0,0,0,0,0,0,94,0,0,0,0,89,0,0,0,0,86,0,92,62,0,0
"189",0,0,0,0,0,0,0,0,0,0,0,0,0,0,0,0,0,0,0,0,0,0,0,0,0,0,0,0,0,0,0,0,0,0,0,0,0,0,0,0,0,0,0,0,0,0,0,0,0,0,0,0,0,0,0,0,0,0,0,0,0,0,0,0,0,0,0,0,0,0,0,0,0,0,0,0,0,0,0,0,0,0,0,0,0,0,0,0,0,0,0,0,0,0,0,0,0,0,0,0,0,0,0,0,0,0,0,0,0,0,0,0,0,0,0,0,0,0,0,0,0,0,0,0,0,0,0,0,0,0,0,0,0,0,0,0,0,0,0,0,0,0,0,0,0,0,0,0,0,0,0,0,0,0,0,0,0,0,0,0,0,0,0,0,0,0,0,0,0,0,0,0,0,0,0,0,0,0,0,0,0,0,0,0,0,0,0,0,0,0,0,0,26,17,0,0,0,0,0,0,0,0,8,86,5,0,0,0,0,0,91,0,0,0,0,0,0,56,0,19,0,0,0,7,15,0,12,0,0,0,0,64,30,0,38,0,0,0,28,66,0,70,84,31,0,0,47,0,74,0,0,0,0,29,0,0,42,0,72,0,0,0,0,0,0,0,0,0,59,0,0,35,15,0,0,95,0,0,74,0,0,43,70,0,0,0,0,65,0,0,0,0,0,0,0,0,0,0,0,0
"190",0,0,0,0,0,0,0,0,0,0,0,0,0,0,0,0,0,0,0,0,0,0,0,0,0,0,0,0,0,0,0,0,0,0,0,0,0,0,0,0,0,0,0,0,0,0,0,0,0,0,0,0,0,0,0,0,0,0,0,0,0,0,0,0,0,0,0,0,0,0,0,0,0,0,0,0,0,0,0,0,0,0,0,0,0,0,0,0,0,0,0,0,0,0,0,0,0,0,0,0,0,0,0,0,0,0,0,0,0,0,0,0,0,0,0,0,0,0,0,0,0,0,0,0,0,0,0,0,0,0,0,0,0,0,0,0,0,0,0,0,0,0,0,0,0,0,0,0,0,0,0,0,0,0,0,0,0,0,0,0,0,0,0,0,0,0,0,0,0,0,0,0,0,0,0,0,0,0,0,0,0,0,0,0,0,0,0,0,0,0,58,0,57,0,0,0,100,13,42,0,0,0,0,0,0,0,14,0,76,0,4,0,0,0,0,20,58,0,39,0,0,0,0,0,84,0,0,0,30,18,0,0,0,0,0,0,93,4,0,0,0,0,0,37,0,28,0,0,0,0,0,0,0,39,0,51,0,0,0,0,0,0,0,0,0,0,0,0,0,0,0,0,0,0,0,0,0,0,0,0,30,0,0,0,0,0,0,37,57,0,53,0,0,0,5,0,0,0,71,0
"191",0,0,0,0,0,0,0,0,0,0,0,0,0,0,0,0,0,0,0,0,0,0,0,0,0,0,0,0,0,0,0,0,0,0,0,0,0,0,0,0,0,0,0,0,0,0,0,0,0,0,0,0,0,0,0,0,0,0,0,0,0,0,0,0,0,0,0,0,0,0,0,0,0,0,0,0,0,0,0,0,0,0,0,0,0,0,0,0,0,0,0,0,0,0,0,0,0,0,0,0,0,0,0,0,0,0,0,0,0,0,0,0,0,0,0,0,0,0,0,0,0,0,0,0,0,0,0,0,0,0,0,0,0,0,0,0,0,0,0,0,0,0,0,0,0,0,0,0,0,0,0,0,0,0,0,0,0,0,0,0,0,0,0,0,0,0,0,0,0,0,0,0,0,0,0,0,0,0,0,0,0,0,0,0,0,0,0,0,0,0,70,0,0,0,28,0,0,0,0,0,88,15,76,0,0,0,0,18,0,0,29,0,0,0,0,0,0,73,0,0,0,0,22,0,37,16,0,0,0,20,0,28,0,0,0,0,6,0,0,0,0,0,0,85,0,0,38,0,0,0,0,30,0,0,0,43,20,23,0,0,0,0,0,99,0,42,0,31,18,0,0,0,16,0,0,0,65,60,27,55,0,0,0,0,20,0,0,0,63,0,0,0,0,40,0,0,0,0,6,0
"192",0,0,0,0,0,0,0,0,0,0,0,0,0,0,0,0,0,0,0,0,0,0,0,0,0,0,0,0,0,0,0,0,0,0,0,0,0,0,0,0,0,0,0,0,0,0,0,0,0,0,0,0,0,0,0,0,0,0,0,0,0,0,0,0,0,0,0,0,0,0,0,0,0,0,0,0,0,0,0,0,0,0,0,0,0,0,0,0,0,0,0,0,0,0,0,0,0,0,0,0,0,0,0,0,0,0,0,0,0,0,0,0,0,0,0,0,0,0,0,0,0,0,0,0,0,0,0,0,0,0,0,0,0,0,0,0,0,0,0,0,0,0,0,0,0,0,0,0,0,0,0,0,0,0,0,0,0,0,0,0,0,0,0,0,0,0,0,0,0,0,0,0,0,0,0,0,0,0,0,0,0,0,0,0,0,0,0,0,0,0,0,51,0,55,67,0,0,0,0,0,0,37,64,0,96,0,0,0,0,0,0,0,80,0,0,73,0,0,0,0,0,99,0,0,0,0,76,86,0,0,0,0,0,0,0,86,51,0,94,0,58,0,0,0,73,0,0,0,0,30,0,78,93,22,0,0,0,60,0,0,0,0,0,3,0,0,0,0,0,1,21,0,0,0,5,0,0,0,0,0,15,0,35,0,0,0,0,34,0,0,25,0,45,0,0,0,31,0,0,0
"193",0,0,0,0,0,0,0,0,0,0,0,0,0,0,0,0,0,0,0,0,0,0,0,0,0,0,0,0,0,0,0,0,0,0,0,0,0,0,0,0,0,0,0,0,0,0,0,0,0,0,0,0,0,0,0,0,0,0,0,0,0,0,0,0,0,0,0,0,0,0,0,0,0,0,0,0,0,0,0,0,0,0,0,0,0,0,0,0,0,0,0,0,0,0,0,0,0,0,0,0,0,0,0,0,0,0,0,0,0,0,0,0,0,0,0,0,0,0,0,0,0,0,0,0,0,0,0,0,0,0,0,0,0,0,0,0,0,0,0,0,0,0,0,0,0,0,0,0,0,0,0,0,0,0,0,0,0,0,0,0,0,0,0,0,0,0,0,0,0,0,0,0,0,0,0,0,0,0,0,0,0,0,0,0,0,0,0,0,0,0,0,0,0,0,0,89,0,0,0,0,0,0,0,0,0,0,0,0,0,0,0,0,67,0,0,76,99,0,0,0,0,69,0,0,0,0,0,0,0,0,0,33,0,0,25,72,0,12,0,0,0,0,41,0,0,0,0,0,33,0,0,0,0,0,0,0,0,0,0,0,38,0,0,0,0,0,0,0,0,81,0,19,25,0,0,0,0,64,0,89,16,0,0,0,82,0,47,26,0,0,0,0,0,0,0,0,0,0,76,0
"194",0,0,0,0,0,0,0,0,0,0,0,0,0,0,0,0,0,0,0,0,0,0,0,0,0,0,0,0,0,0,0,0,0,0,0,0,0,0,0,0,0,0,0,0,0,0,0,0,0,0,0,0,0,0,0,0,0,0,0,0,0,0,0,0,0,0,0,0,0,0,0,0,0,0,0,0,0,0,0,0,0,0,0,0,0,0,0,0,0,0,0,0,0,0,0,0,0,0,0,0,0,0,0,0,0,0,0,0,0,0,0,0,0,0,0,0,0,0,0,0,0,0,0,0,0,0,0,0,0,0,0,0,0,0,0,0,0,0,0,0,0,0,0,0,0,0,0,0,0,0,0,0,0,0,0,0,0,0,0,0,0,0,0,0,0,0,0,0,0,0,0,0,0,0,0,0,0,0,0,0,0,0,0,0,0,0,0,0,0,0,0,0,0,0,0,0,21,0,0,0,0,0,90,0,88,0,18,71,0,0,67,36,0,0,17,0,0,0,0,0,0,91,0,0,0,47,0,0,0,0,0,17,0,0,97,0,0,33,0,0,0,0,0,55,0,0,0,23,0,0,0,0,0,87,0,0,0,0,36,16,0,0,0,0,0,0,0,86,55,0,0,79,0,0,0,0,0,87,65,0,0,0,0,0,0,0,0,99,38,13,0,0,47,0,0,0,0,0,81,43
"195",0,0,0,0,0,0,0,0,0,0,0,0,0,0,0,0,0,0,0,0,0,0,0,0,0,0,0,0,0,0,0,0,0,0,0,0,0,0,0,0,0,0,0,0,0,0,0,0,0,0,0,0,0,0,0,0,0,0,0,0,0,0,0,0,0,0,0,0,0,0,0,0,0,0,0,0,0,0,0,0,0,0,0,0,0,0,0,0,0,0,0,0,0,0,0,0,0,0,0,0,0,0,0,0,0,0,0,0,0,0,0,0,0,0,0,0,0,0,0,0,0,0,0,0,0,0,0,0,0,0,0,0,0,0,0,0,0,0,0,0,0,0,0,0,0,0,0,0,0,0,0,0,0,0,0,0,0,0,0,0,0,0,0,0,0,0,0,0,0,0,0,0,0,0,0,0,0,0,0,0,0,0,0,0,0,0,0,0,0,0,0,0,0,0,0,0,0,0,81,0,0,0,0,0,0,0,21,0,0,0,100,100,0,0,0,8,0,0,27,0,38,0,0,29,0,0,0,0,94,0,0,0,0,0,95,0,80,0,0,0,0,23,0,0,0,0,0,60,0,0,0,0,0,0,0,0,0,0,84,0,0,41,0,81,0,29,77,74,0,0,0,0,48,0,0,0,0,0,0,0,62,79,0,0,0,0,0,0,0,70,35,87,0,0,30,0,0,8,5,0
"196",0,0,0,0,0,0,0,0,0,0,0,0,0,0,0,0,0,0,0,0,0,0,0,0,0,0,0,0,0,0,0,0,0,0,0,0,0,0,0,0,0,0,0,0,0,0,0,0,0,0,0,0,0,0,0,0,0,0,0,0,0,0,0,0,0,0,0,0,0,0,0,0,0,0,0,0,0,0,0,0,0,0,0,0,0,0,0,0,0,0,0,0,0,0,0,0,0,0,0,0,0,0,0,0,0,0,0,0,0,0,0,0,0,0,0,0,0,0,0,0,0,0,0,0,0,0,0,0,0,0,0,0,0,0,0,0,0,0,0,0,0,0,0,0,0,0,0,0,0,0,0,0,0,0,0,0,0,0,0,0,0,0,0,0,0,0,0,0,0,0,0,0,0,0,0,0,0,0,0,0,0,0,0,0,0,0,0,0,0,0,0,0,0,0,0,0,17,0,0,0,0,0,0,0,0,27,67,0,0,62,0,0,0,0,0,0,0,1,0,0,0,0,0,0,0,55,81,0,45,0,0,0,0,79,0,0,0,0,33,42,0,0,31,0,0,0,0,36,0,80,0,0,0,0,0,33,0,0,0,0,58,0,0,0,0,0,0,87,0,0,0,73,0,0,0,40,0,22,0,79,25,0,0,86,0,0,0,0,47,0,0,0,0,48,71,0,0,0,0,0
"197",0,0,0,0,0,0,0,0,0,0,0,0,0,0,0,0,0,0,0,0,0,0,0,0,0,0,0,0,0,0,0,0,0,0,0,0,0,0,0,0,0,0,0,0,0,0,0,0,0,0,0,0,0,0,0,0,0,0,0,0,0,0,0,0,0,0,0,0,0,0,0,0,0,0,0,0,0,0,0,0,0,0,0,0,0,0,0,0,0,0,0,0,0,0,0,0,0,0,0,0,0,0,0,0,0,0,0,0,0,0,0,0,0,0,0,0,0,0,0,0,0,0,0,0,0,0,0,0,0,0,0,0,0,0,0,0,0,0,0,0,0,0,0,0,0,0,0,0,0,0,0,0,0,0,0,0,0,0,0,0,0,0,0,0,0,0,0,0,0,0,0,0,0,0,0,0,0,0,0,0,0,0,0,0,0,0,0,0,0,0,0,0,0,0,0,0,0,0,0,0,0,0,0,0,0,0,5,0,0,0,0,0,0,0,0,0,0,0,0,0,0,0,0,0,0,0,43,0,0,0,0,0,0,0,0,0,49,0,0,0,0,0,0,0,0,0,0,13,0,0,32,0,35,0,53,73,0,22,0,0,62,65,0,0,0,0,0,0,0,0,0,0,0,0,0,0,0,0,0,0,0,0,0,0,48,0,0,0,0,57,0,0,0,0,0,26,0,99,0,48
"198",0,0,0,0,0,0,0,0,0,0,0,0,0,0,0,0,0,0,0,0,0,0,0,0,0,0,0,0,0,0,0,0,0,0,0,0,0,0,0,0,0,0,0,0,0,0,0,0,0,0,0,0,0,0,0,0,0,0,0,0,0,0,0,0,0,0,0,0,0,0,0,0,0,0,0,0,0,0,0,0,0,0,0,0,0,0,0,0,0,0,0,0,0,0,0,0,0,0,0,0,0,0,0,0,0,0,0,0,0,0,0,0,0,0,0,0,0,0,0,0,0,0,0,0,0,0,0,0,0,0,0,0,0,0,0,0,0,0,0,0,0,0,0,0,0,0,0,0,0,0,0,0,0,0,0,0,0,0,0,0,0,0,0,0,0,0,0,0,0,0,0,0,0,0,0,0,0,0,0,0,0,0,0,0,0,0,0,0,0,0,0,0,0,0,0,0,0,89,0,0,0,0,0,0,0,67,64,0,0,0,12,0,0,0,0,0,83,0,0,0,61,0,0,0,18,66,6,0,0,0,0,0,0,87,0,0,0,0,25,0,0,0,0,0,0,0,7,0,0,41,0,0,0,0,0,0,0,93,0,0,0,0,0,0,0,0,0,0,0,76,0,0,0,0,0,26,0,0,68,20,0,0,0,0,0,0,0,0,18,0,0,0,83,0,0,0,0,39,54,0
"199",0,0,0,0,0,0,0,0,0,0,0,0,0,0,0,0,0,0,0,0,0,0,0,0,0,0,0,0,0,0,0,0,0,0,0,0,0,0,0,0,0,0,0,0,0,0,0,0,0,0,0,0,0,0,0,0,0,0,0,0,0,0,0,0,0,0,0,0,0,0,0,0,0,0,0,0,0,0,0,0,0,0,0,0,0,0,0,0,0,0,0,0,0,0,0,0,0,0,0,0,0,0,0,0,0,0,0,0,0,0,0,0,0,0,0,0,0,0,0,0,0,0,0,0,0,0,0,0,0,0,0,0,0,0,0,0,0,0,0,0,0,0,0,0,0,0,0,0,0,0,0,0,0,0,0,0,0,0,0,0,0,0,0,0,0,0,0,0,0,0,0,0,0,0,0,0,0,0,0,0,0,0,0,0,0,0,0,0,0,0,0,0,0,0,0,0,0,0,0,0,20,0,32,83,29,0,0,95,0,0,0,0,0,38,46,0,0,0,0,44,96,0,0,0,0,0,0,69,2,63,0,0,64,0,0,0,0,47,0,73,0,1,0,80,0,0,0,0,29,0,0,0,73,0,2,0,0,0,0,0,0,0,0,0,0,20,0,0,0,0,50,41,0,0,0,0,0,93,0,57,0,0,81,0,0,0,0,0,0,0,0,21,10,0,0,0,0,0,59,0
"200",0,0,0,0,0,0,0,0,0,0,0,0,0,0,0,0,0,0,0,0,0,0,0,0,0,0,0,0,0,0,0,0,0,0,0,0,0,0,0,0,0,0,0,0,0,0,0,0,0,0,0,0,0,0,0,0,0,0,0,0,0,0,0,0,0,0,0,0,0,0,0,0,0,0,0,0,0,0,0,0,0,0,0,0,0,0,0,0,0,0,0,0,0,0,0,0,0,0,0,0,0,0,0,0,0,0,0,0,0,0,0,0,0,0,0,0,0,0,0,0,0,0,0,0,0,0,0,0,0,0,0,0,0,0,0,0,0,0,0,0,0,0,0,0,0,0,0,0,0,0,0,0,0,0,0,0,0,0,0,0,0,0,0,0,0,0,0,0,0,0,0,0,0,0,0,0,0,0,0,0,0,0,0,0,0,0,0,0,0,0,0,0,0,0,0,0,0,0,0,17,0,0,0,0,0,0,0,78,0,0,0,0,24,0,0,0,0,0,0,0,85,0,88,0,82,0,0,0,0,0,3,0,0,0,0,0,0,68,0,0,0,0,0,12,0,0,0,0,0,0,69,0,0,0,0,20,0,0,0,61,55,0,0,79,0,0,0,55,40,21,57,0,25,0,0,0,0,4,0,21,0,0,99,0,0,0,0,0,0,0,0,0,0,6,58,0,0,93,0,14
"201",0,0,0,0,0,0,0,0,0,0,0,0,0,0,0,0,0,0,0,0,0,0,0,0,0,0,0,0,0,0,0,0,0,0,0,0,0,0,0,0,0,0,0,0,0,0,0,0,0,0,0,0,0,0,0,0,0,0,0,0,0,0,0,0,0,0,0,0,0,0,0,0,0,0,0,0,0,0,0,0,0,0,0,0,0,0,0,0,0,0,0,0,0,0,0,0,0,0,0,0,0,0,0,0,0,0,0,0,0,0,0,0,0,0,0,0,0,0,0,0,0,0,0,0,0,0,0,0,0,0,0,0,0,0,0,0,0,0,0,0,0,0,0,0,0,0,0,0,0,0,0,0,0,0,0,0,0,0,0,0,0,0,0,0,0,0,0,0,0,0,0,0,0,0,0,0,0,0,0,0,0,0,0,0,0,0,0,0,0,0,0,0,0,0,0,0,0,0,0,0,42,0,0,0,17,0,44,12,0,0,44,0,0,0,0,0,0,0,0,0,19,0,0,57,0,0,0,0,58,0,0,0,0,0,0,0,0,68,0,20,0,0,0,0,44,0,0,0,0,0,0,17,0,0,65,0,0,0,0,64,79,0,0,0,0,0,0,0,0,38,0,0,24,0,0,47,82,0,88,0,0,0,67,0,7,72,0,0,0,0,0,0,0,0,36,7,20,0,62,85
"202",0,0,0,0,0,0,0,0,0,0,0,0,0,0,0,0,0,0,0,0,0,0,0,0,0,0,0,0,0,0,0,0,0,0,0,0,0,0,0,0,0,0,0,0,0,0,0,0,0,0,0,0,0,0,0,0,0,0,0,0,0,0,0,0,0,0,0,0,0,0,0,0,0,0,0,0,0,0,0,0,0,0,0,0,0,0,0,0,0,0,0,0,0,0,0,0,0,0,0,0,0,0,0,0,0,0,0,0,0,0,0,0,0,0,0,0,0,0,0,0,0,0,0,0,0,0,0,0,0,0,0,0,0,0,0,0,0,0,0,0,0,0,0,0,0,0,0,0,0,0,0,0,0,0,0,0,0,0,0,0,0,0,0,0,0,0,0,0,0,0,0,0,0,0,0,0,0,0,0,0,0,0,0,0,0,0,0,0,0,0,0,0,0,0,0,0,0,0,0,0,0,0,22,0,37,0,49,0,0,0,0,0,0,0,31,0,0,12,0,18,0,0,0,0,0,0,0,0,36,27,81,0,0,3,0,0,16,0,0,0,0,0,0,0,0,0,37,0,0,0,0,0,0,0,0,0,0,0,100,25,86,0,9,62,0,0,20,41,0,0,28,0,94,78,0,0,0,0,0,0,0,0,0,30,0,0,0,0,0,0,0,0,0,0,1,66,0,0,0,0
"203",0,0,0,0,0,0,0,0,0,0,0,0,0,0,0,0,0,0,0,0,0,0,0,0,0,0,0,0,0,0,0,0,0,0,0,0,0,0,0,0,0,0,0,0,0,0,0,0,0,0,0,0,0,0,0,0,0,0,0,0,0,0,0,0,0,0,0,0,0,0,0,0,0,0,0,0,0,0,0,0,0,0,0,0,0,0,0,0,0,0,0,0,0,0,0,0,0,0,0,0,0,0,0,0,0,0,0,0,0,0,0,0,0,0,0,0,0,0,0,0,0,0,0,0,0,0,0,0,0,0,0,0,0,0,0,0,0,0,0,0,0,0,0,0,0,0,0,0,0,0,0,0,0,0,0,0,0,0,0,0,0,0,0,0,0,0,0,0,0,0,0,0,0,0,0,0,0,0,0,0,0,0,0,0,0,0,0,0,0,0,0,0,0,0,0,0,0,0,0,0,0,36,0,0,26,0,40,0,39,0,0,55,0,56,83,0,0,0,0,75,7,33,0,83,92,22,28,0,0,0,83,95,0,0,0,0,0,0,0,37,41,0,0,3,26,0,42,0,0,0,0,0,0,0,0,0,14,0,48,0,0,0,62,0,0,0,56,0,0,32,0,0,0,0,0,0,0,0,0,0,0,0,0,0,97,0,0,0,0,0,65,0,0,83,0,0,0,35,0,61
"204",0,0,0,0,0,0,0,0,0,0,0,0,0,0,0,0,0,0,0,0,0,0,0,0,0,0,0,0,0,0,0,0,0,0,0,0,0,0,0,0,0,0,0,0,0,0,0,0,0,0,0,0,0,0,0,0,0,0,0,0,0,0,0,0,0,0,0,0,0,0,0,0,0,0,0,0,0,0,0,0,0,0,0,0,0,0,0,0,0,0,0,0,0,0,0,0,0,0,0,0,0,0,0,0,0,0,0,0,0,0,0,0,0,0,0,0,0,0,0,0,0,0,0,0,0,0,0,0,0,0,0,0,0,0,0,0,0,0,0,0,0,0,0,0,0,0,0,0,0,0,0,0,0,0,0,0,0,0,0,0,0,0,0,0,0,0,0,0,0,0,0,0,0,0,0,0,0,0,0,0,0,0,0,0,0,0,0,0,0,0,0,0,0,0,0,0,0,0,0,0,0,0,0,0,0,2,0,0,0,0,0,50,0,0,0,79,20,0,0,42,0,0,0,25,0,49,0,0,27,0,0,0,0,0,0,82,0,86,72,99,0,0,0,0,0,80,0,0,0,29,0,0,0,0,57,0,0,0,0,0,0,0,57,0,0,69,0,0,18,0,40,0,39,70,95,8,0,65,0,0,0,0,85,0,75,0,25,0,0,0,0,0,0,31,0,0,0,0,0,0
"205",0,0,0,0,0,0,0,0,0,0,0,0,0,0,0,0,0,0,0,0,0,0,0,0,0,0,0,0,0,0,0,0,0,0,0,0,0,0,0,0,0,0,0,0,0,0,0,0,0,0,0,0,0,0,0,0,0,0,0,0,0,0,0,0,0,0,0,0,0,0,0,0,0,0,0,0,0,0,0,0,0,0,0,0,0,0,0,0,0,0,0,0,0,0,0,0,0,0,0,0,0,0,0,0,0,0,0,0,0,0,0,0,0,0,0,0,0,0,0,0,0,0,0,0,0,0,0,0,0,0,0,0,0,0,0,0,0,0,0,0,0,0,0,0,0,0,0,0,0,0,0,0,0,0,0,0,0,0,0,0,0,0,0,0,0,0,0,0,0,0,0,0,0,0,0,0,0,0,0,0,0,0,0,0,0,0,0,0,0,0,0,0,0,0,0,0,0,0,0,0,0,0,0,39,0,0,0,55,0,0,0,0,0,0,0,0,48,0,0,0,18,9,58,72,46,0,0,0,2,0,0,40,0,0,0,0,50,0,26,9,0,0,91,0,77,0,0,87,0,0,0,0,0,0,0,23,0,65,80,0,0,12,35,0,0,0,2,43,0,0,0,0,0,0,35,0,0,0,0,76,0,70,0,76,60,0,0,0,0,0,0,0,0,0,0,0,0,27,0,0
"206",0,0,0,0,0,0,0,0,0,0,0,0,0,0,0,0,0,0,0,0,0,0,0,0,0,0,0,0,0,0,0,0,0,0,0,0,0,0,0,0,0,0,0,0,0,0,0,0,0,0,0,0,0,0,0,0,0,0,0,0,0,0,0,0,0,0,0,0,0,0,0,0,0,0,0,0,0,0,0,0,0,0,0,0,0,0,0,0,0,0,0,0,0,0,0,0,0,0,0,0,0,0,0,0,0,0,0,0,0,0,0,0,0,0,0,0,0,0,0,0,0,0,0,0,0,0,0,0,0,0,0,0,0,0,0,0,0,0,0,0,0,0,0,0,0,0,0,0,0,0,0,0,0,0,0,0,0,0,0,0,0,0,0,0,0,0,0,0,0,0,0,0,0,0,0,0,0,0,0,0,0,0,0,0,0,0,0,0,0,0,0,0,0,0,0,0,0,0,0,0,0,0,0,0,61,6,76,0,0,96,0,29,0,0,0,0,0,0,0,0,0,0,0,0,0,0,0,0,59,26,0,0,0,9,0,35,0,0,8,0,34,0,0,0,55,0,18,0,0,0,0,0,0,82,0,0,0,0,0,0,0,61,0,0,0,0,0,93,24,0,57,0,0,0,0,0,0,0,0,0,0,0,0,0,0,0,0,0,0,53,88,0,78,1,0,2,0,0,0,0
"207",0,0,0,0,0,0,0,0,0,0,0,0,0,0,0,0,0,0,0,0,0,0,0,0,0,0,0,0,0,0,0,0,0,0,0,0,0,0,0,0,0,0,0,0,0,0,0,0,0,0,0,0,0,0,0,0,0,0,0,0,0,0,0,0,0,0,0,0,0,0,0,0,0,0,0,0,0,0,0,0,0,0,0,0,0,0,0,0,0,0,0,0,0,0,0,0,0,0,0,0,0,0,0,0,0,0,0,0,0,0,0,0,0,0,0,0,0,0,0,0,0,0,0,0,0,0,0,0,0,0,0,0,0,0,0,0,0,0,0,0,0,0,0,0,0,0,0,0,0,0,0,0,0,0,0,0,0,0,0,0,0,0,0,0,0,0,0,0,0,0,0,0,0,0,0,0,0,0,0,0,0,0,0,0,0,0,0,0,0,0,0,0,0,0,0,0,0,0,0,0,0,0,0,0,0,0,0,0,0,0,0,56,0,0,0,0,0,0,0,1,2,0,0,80,0,0,25,28,0,0,0,0,0,11,24,0,0,0,0,0,37,21,0,0,36,13,0,0,0,0,0,0,0,0,0,0,0,22,56,0,0,0,0,20,0,0,79,0,0,19,96,0,0,0,0,68,7,0,0,0,0,0,0,0,0,0,0,0,0,76,0,0,0,38,0,83,0,65,0,0
"208",0,0,0,0,0,0,0,0,0,0,0,0,0,0,0,0,0,0,0,0,0,0,0,0,0,0,0,0,0,0,0,0,0,0,0,0,0,0,0,0,0,0,0,0,0,0,0,0,0,0,0,0,0,0,0,0,0,0,0,0,0,0,0,0,0,0,0,0,0,0,0,0,0,0,0,0,0,0,0,0,0,0,0,0,0,0,0,0,0,0,0,0,0,0,0,0,0,0,0,0,0,0,0,0,0,0,0,0,0,0,0,0,0,0,0,0,0,0,0,0,0,0,0,0,0,0,0,0,0,0,0,0,0,0,0,0,0,0,0,0,0,0,0,0,0,0,0,0,0,0,0,0,0,0,0,0,0,0,0,0,0,0,0,0,0,0,0,0,0,0,0,0,0,0,0,0,0,0,0,0,0,0,0,0,0,0,0,0,0,0,0,0,0,0,0,0,0,0,0,0,0,0,0,0,0,0,21,51,37,78,0,25,0,0,0,100,0,12,0,55,0,0,0,0,0,0,84,0,0,0,99,0,32,0,0,0,0,63,0,0,0,0,0,0,0,0,0,0,0,0,67,82,0,0,0,0,0,0,0,0,0,0,0,0,0,0,0,0,0,0,0,0,47,0,0,0,0,71,0,83,42,14,0,0,0,0,0,0,0,11,0,0,0,0,58,0,7,0,18,0
"209",0,0,0,0,0,0,0,0,0,0,0,0,0,0,0,0,0,0,0,0,0,0,0,0,0,0,0,0,0,0,0,0,0,0,0,0,0,0,0,0,0,0,0,0,0,0,0,0,0,0,0,0,0,0,0,0,0,0,0,0,0,0,0,0,0,0,0,0,0,0,0,0,0,0,0,0,0,0,0,0,0,0,0,0,0,0,0,0,0,0,0,0,0,0,0,0,0,0,0,0,0,0,0,0,0,0,0,0,0,0,0,0,0,0,0,0,0,0,0,0,0,0,0,0,0,0,0,0,0,0,0,0,0,0,0,0,0,0,0,0,0,0,0,0,0,0,0,0,0,0,0,0,0,0,0,0,0,0,0,0,0,0,0,0,0,0,0,0,0,0,0,0,0,0,0,0,0,0,0,0,0,0,0,0,0,0,0,0,0,0,0,0,0,0,0,0,0,0,0,0,0,0,0,0,0,0,0,0,0,24,0,0,51,0,0,25,0,99,21,0,0,0,0,0,23,0,0,0,53,0,0,55,0,0,0,0,69,9,0,25,0,55,0,0,0,0,0,0,6,0,71,0,0,0,0,0,0,0,0,0,0,0,0,0,8,69,0,0,0,0,0,80,0,0,66,36,98,0,0,0,16,0,0,0,0,17,0,4,0,0,0,0,0,55,0,0,0,0,0,0
"210",0,0,0,0,0,0,0,0,0,0,0,0,0,0,0,0,0,0,0,0,0,0,0,0,0,0,0,0,0,0,0,0,0,0,0,0,0,0,0,0,0,0,0,0,0,0,0,0,0,0,0,0,0,0,0,0,0,0,0,0,0,0,0,0,0,0,0,0,0,0,0,0,0,0,0,0,0,0,0,0,0,0,0,0,0,0,0,0,0,0,0,0,0,0,0,0,0,0,0,0,0,0,0,0,0,0,0,0,0,0,0,0,0,0,0,0,0,0,0,0,0,0,0,0,0,0,0,0,0,0,0,0,0,0,0,0,0,0,0,0,0,0,0,0,0,0,0,0,0,0,0,0,0,0,0,0,0,0,0,0,0,0,0,0,0,0,0,0,0,0,0,0,0,0,0,0,0,0,0,0,0,0,0,0,0,0,0,0,0,0,0,0,0,0,0,0,0,0,0,0,0,0,0,0,0,0,0,0,0,0,16,0,0,0,0,0,0,0,0,0,0,0,0,80,0,4,55,0,0,38,0,0,0,0,0,0,27,0,0,0,18,0,0,0,57,0,0,0,0,0,0,0,0,66,0,0,0,0,88,0,0,0,0,0,1,5,0,1,82,0,0,0,0,20,0,0,0,84,0,0,0,57,0,0,0,0,86,0,0,0,86,0,23,0,0,0,0,10,90,0
"211",0,0,0,0,0,0,0,0,0,0,0,0,0,0,0,0,0,0,0,0,0,0,0,0,0,0,0,0,0,0,0,0,0,0,0,0,0,0,0,0,0,0,0,0,0,0,0,0,0,0,0,0,0,0,0,0,0,0,0,0,0,0,0,0,0,0,0,0,0,0,0,0,0,0,0,0,0,0,0,0,0,0,0,0,0,0,0,0,0,0,0,0,0,0,0,0,0,0,0,0,0,0,0,0,0,0,0,0,0,0,0,0,0,0,0,0,0,0,0,0,0,0,0,0,0,0,0,0,0,0,0,0,0,0,0,0,0,0,0,0,0,0,0,0,0,0,0,0,0,0,0,0,0,0,0,0,0,0,0,0,0,0,0,0,0,0,0,0,0,0,0,0,0,0,0,0,0,0,0,0,0,0,0,0,0,0,0,0,0,0,0,0,0,0,0,0,0,0,0,0,0,0,0,0,0,0,0,0,0,88,0,0,85,0,11,0,0,0,0,0,0,0,0,0,10,0,0,0,72,0,38,0,0,0,95,35,0,0,0,0,0,0,0,0,0,0,0,51,0,0,0,0,0,0,80,0,9,0,0,0,0,16,0,0,0,0,0,0,0,0,0,71,31,0,0,0,0,0,30,0,0,81,0,52,0,0,0,27,88,0,0,92,0,5,0,0,0,0,0,0
"212",0,0,0,0,0,0,0,0,0,0,0,0,0,0,0,0,0,0,0,0,0,0,0,0,0,0,0,0,0,0,0,0,0,0,0,0,0,0,0,0,0,0,0,0,0,0,0,0,0,0,0,0,0,0,0,0,0,0,0,0,0,0,0,0,0,0,0,0,0,0,0,0,0,0,0,0,0,0,0,0,0,0,0,0,0,0,0,0,0,0,0,0,0,0,0,0,0,0,0,0,0,0,0,0,0,0,0,0,0,0,0,0,0,0,0,0,0,0,0,0,0,0,0,0,0,0,0,0,0,0,0,0,0,0,0,0,0,0,0,0,0,0,0,0,0,0,0,0,0,0,0,0,0,0,0,0,0,0,0,0,0,0,0,0,0,0,0,0,0,0,0,0,0,0,0,0,0,0,0,0,0,0,0,0,0,0,0,0,0,0,0,0,0,0,0,0,0,0,0,0,0,0,0,0,0,0,0,0,0,0,0,0,0,0,0,0,0,80,0,73,98,79,0,4,0,48,0,0,0,0,49,0,21,0,0,0,0,0,0,0,0,0,62,0,0,14,91,0,0,29,0,34,21,0,0,10,84,0,35,0,2,0,0,0,0,0,0,0,0,0,0,0,32,0,55,0,0,71,0,0,0,0,0,0,0,61,0,65,0,0,28,0,0,87,0,96,0,0,0,0
"213",0,0,0,0,0,0,0,0,0,0,0,0,0,0,0,0,0,0,0,0,0,0,0,0,0,0,0,0,0,0,0,0,0,0,0,0,0,0,0,0,0,0,0,0,0,0,0,0,0,0,0,0,0,0,0,0,0,0,0,0,0,0,0,0,0,0,0,0,0,0,0,0,0,0,0,0,0,0,0,0,0,0,0,0,0,0,0,0,0,0,0,0,0,0,0,0,0,0,0,0,0,0,0,0,0,0,0,0,0,0,0,0,0,0,0,0,0,0,0,0,0,0,0,0,0,0,0,0,0,0,0,0,0,0,0,0,0,0,0,0,0,0,0,0,0,0,0,0,0,0,0,0,0,0,0,0,0,0,0,0,0,0,0,0,0,0,0,0,0,0,0,0,0,0,0,0,0,0,0,0,0,0,0,0,0,0,0,0,0,0,0,0,0,0,0,0,0,0,0,0,0,0,0,0,0,0,0,0,0,0,0,0,50,0,0,0,97,0,0,0,0,0,0,0,0,0,0,0,0,0,0,0,0,0,0,72,11,0,4,0,0,0,0,0,0,0,0,0,0,40,0,0,0,0,0,0,0,17,0,99,0,0,0,0,0,62,0,0,51,94,0,0,0,40,0,0,0,0,0,35,8,0,0,0,0,7,0,0,0,0,0,0,0,0,1,0,0,95,80,0
"214",0,0,0,0,0,0,0,0,0,0,0,0,0,0,0,0,0,0,0,0,0,0,0,0,0,0,0,0,0,0,0,0,0,0,0,0,0,0,0,0,0,0,0,0,0,0,0,0,0,0,0,0,0,0,0,0,0,0,0,0,0,0,0,0,0,0,0,0,0,0,0,0,0,0,0,0,0,0,0,0,0,0,0,0,0,0,0,0,0,0,0,0,0,0,0,0,0,0,0,0,0,0,0,0,0,0,0,0,0,0,0,0,0,0,0,0,0,0,0,0,0,0,0,0,0,0,0,0,0,0,0,0,0,0,0,0,0,0,0,0,0,0,0,0,0,0,0,0,0,0,0,0,0,0,0,0,0,0,0,0,0,0,0,0,0,0,0,0,0,0,0,0,0,0,0,0,0,0,0,0,0,0,0,0,0,0,0,0,0,0,0,0,0,0,0,0,0,0,0,0,0,0,0,0,0,0,0,0,0,0,0,0,21,0,27,0,96,56,0,0,0,0,0,0,0,0,0,0,0,0,78,0,0,92,32,0,0,0,0,26,0,0,0,0,0,0,0,0,0,0,92,0,84,0,0,91,0,0,0,77,17,17,62,0,0,75,0,0,0,0,0,0,0,0,0,0,11,0,0,0,0,0,0,0,81,0,0,0,31,0,0,0,0,0,0,0,0,12,0,0
"215",0,0,0,0,0,0,0,0,0,0,0,0,0,0,0,0,0,0,0,0,0,0,0,0,0,0,0,0,0,0,0,0,0,0,0,0,0,0,0,0,0,0,0,0,0,0,0,0,0,0,0,0,0,0,0,0,0,0,0,0,0,0,0,0,0,0,0,0,0,0,0,0,0,0,0,0,0,0,0,0,0,0,0,0,0,0,0,0,0,0,0,0,0,0,0,0,0,0,0,0,0,0,0,0,0,0,0,0,0,0,0,0,0,0,0,0,0,0,0,0,0,0,0,0,0,0,0,0,0,0,0,0,0,0,0,0,0,0,0,0,0,0,0,0,0,0,0,0,0,0,0,0,0,0,0,0,0,0,0,0,0,0,0,0,0,0,0,0,0,0,0,0,0,0,0,0,0,0,0,0,0,0,0,0,0,0,0,0,0,0,0,0,0,0,0,0,0,0,0,0,0,0,0,0,0,0,0,0,0,0,0,0,0,0,0,63,0,20,0,0,52,0,0,75,74,0,0,0,0,0,0,0,0,93,0,0,0,2,0,0,0,0,24,0,82,0,6,0,0,0,57,0,0,58,0,0,0,0,0,4,8,0,0,71,0,0,2,0,0,0,57,0,97,0,0,42,0,0,6,36,0,0,0,34,0,0,0,0,81,0,82,0,21,55,0,0,0,0,35,86
"216",0,0,0,0,0,0,0,0,0,0,0,0,0,0,0,0,0,0,0,0,0,0,0,0,0,0,0,0,0,0,0,0,0,0,0,0,0,0,0,0,0,0,0,0,0,0,0,0,0,0,0,0,0,0,0,0,0,0,0,0,0,0,0,0,0,0,0,0,0,0,0,0,0,0,0,0,0,0,0,0,0,0,0,0,0,0,0,0,0,0,0,0,0,0,0,0,0,0,0,0,0,0,0,0,0,0,0,0,0,0,0,0,0,0,0,0,0,0,0,0,0,0,0,0,0,0,0,0,0,0,0,0,0,0,0,0,0,0,0,0,0,0,0,0,0,0,0,0,0,0,0,0,0,0,0,0,0,0,0,0,0,0,0,0,0,0,0,0,0,0,0,0,0,0,0,0,0,0,0,0,0,0,0,0,0,0,0,0,0,0,0,0,0,0,0,0,0,0,0,0,0,0,0,0,0,0,0,0,0,0,0,0,0,0,0,0,0,74,0,0,0,0,0,0,0,0,0,89,0,0,93,0,0,0,81,0,81,0,0,0,98,0,88,0,95,0,0,0,0,0,0,0,0,0,71,0,32,71,20,0,0,0,47,73,0,0,0,0,23,0,0,23,0,97,41,0,0,0,51,0,0,0,0,0,0,77,30,4,20,0,33,0,0,0,0,0,65,19,0,95
"217",0,0,0,0,0,0,0,0,0,0,0,0,0,0,0,0,0,0,0,0,0,0,0,0,0,0,0,0,0,0,0,0,0,0,0,0,0,0,0,0,0,0,0,0,0,0,0,0,0,0,0,0,0,0,0,0,0,0,0,0,0,0,0,0,0,0,0,0,0,0,0,0,0,0,0,0,0,0,0,0,0,0,0,0,0,0,0,0,0,0,0,0,0,0,0,0,0,0,0,0,0,0,0,0,0,0,0,0,0,0,0,0,0,0,0,0,0,0,0,0,0,0,0,0,0,0,0,0,0,0,0,0,0,0,0,0,0,0,0,0,0,0,0,0,0,0,0,0,0,0,0,0,0,0,0,0,0,0,0,0,0,0,0,0,0,0,0,0,0,0,0,0,0,0,0,0,0,0,0,0,0,0,0,0,0,0,0,0,0,0,0,0,0,0,0,0,0,0,0,0,0,0,0,0,0,0,0,0,0,0,0,0,0,0,0,0,40,0,64,0,0,0,0,95,0,90,0,0,0,0,0,0,0,81,0,59,0,0,0,0,6,0,0,0,0,0,0,28,0,0,0,0,0,45,61,0,42,0,0,0,66,0,59,0,0,45,77,0,0,0,80,0,0,0,49,0,0,89,0,0,23,0,0,0,0,49,0,41,0,0,40,0,0,12,95,0,0,0,76,0
"218",0,0,0,0,0,0,0,0,0,0,0,0,0,0,0,0,0,0,0,0,0,0,0,0,0,0,0,0,0,0,0,0,0,0,0,0,0,0,0,0,0,0,0,0,0,0,0,0,0,0,0,0,0,0,0,0,0,0,0,0,0,0,0,0,0,0,0,0,0,0,0,0,0,0,0,0,0,0,0,0,0,0,0,0,0,0,0,0,0,0,0,0,0,0,0,0,0,0,0,0,0,0,0,0,0,0,0,0,0,0,0,0,0,0,0,0,0,0,0,0,0,0,0,0,0,0,0,0,0,0,0,0,0,0,0,0,0,0,0,0,0,0,0,0,0,0,0,0,0,0,0,0,0,0,0,0,0,0,0,0,0,0,0,0,0,0,0,0,0,0,0,0,0,0,0,0,0,0,0,0,0,0,0,0,0,0,0,0,0,0,0,0,0,0,0,0,0,0,0,0,0,0,0,0,0,0,0,0,0,0,0,0,0,0,0,0,0,0,82,0,0,0,0,25,19,0,0,0,0,49,0,57,0,0,100,0,0,0,0,0,35,78,0,0,57,0,0,0,100,0,0,0,0,0,0,50,0,0,86,0,0,0,0,100,0,61,84,0,0,0,69,0,0,0,0,0,73,0,0,0,4,0,81,0,75,0,80,7,0,64,0,47,47,0,0,0,0,0,0,0
"219",0,0,0,0,0,0,0,0,0,0,0,0,0,0,0,0,0,0,0,0,0,0,0,0,0,0,0,0,0,0,0,0,0,0,0,0,0,0,0,0,0,0,0,0,0,0,0,0,0,0,0,0,0,0,0,0,0,0,0,0,0,0,0,0,0,0,0,0,0,0,0,0,0,0,0,0,0,0,0,0,0,0,0,0,0,0,0,0,0,0,0,0,0,0,0,0,0,0,0,0,0,0,0,0,0,0,0,0,0,0,0,0,0,0,0,0,0,0,0,0,0,0,0,0,0,0,0,0,0,0,0,0,0,0,0,0,0,0,0,0,0,0,0,0,0,0,0,0,0,0,0,0,0,0,0,0,0,0,0,0,0,0,0,0,0,0,0,0,0,0,0,0,0,0,0,0,0,0,0,0,0,0,0,0,0,0,0,0,0,0,0,0,0,0,0,0,0,0,0,0,0,0,0,0,0,0,0,0,0,0,0,0,0,0,0,0,0,71,0,82,51,53,0,0,0,95,0,0,0,0,14,49,0,0,0,0,59,80,0,0,0,0,0,0,0,0,0,0,0,0,0,52,11,0,0,0,0,24,22,26,0,0,0,0,0,0,0,0,0,0,0,0,0,0,0,0,0,31,0,0,0,0,0,0,36,0,0,91,33,0,0,0,0,68,0,0,0,0,0,0
"220",0,0,0,0,0,0,0,0,0,0,0,0,0,0,0,0,0,0,0,0,0,0,0,0,0,0,0,0,0,0,0,0,0,0,0,0,0,0,0,0,0,0,0,0,0,0,0,0,0,0,0,0,0,0,0,0,0,0,0,0,0,0,0,0,0,0,0,0,0,0,0,0,0,0,0,0,0,0,0,0,0,0,0,0,0,0,0,0,0,0,0,0,0,0,0,0,0,0,0,0,0,0,0,0,0,0,0,0,0,0,0,0,0,0,0,0,0,0,0,0,0,0,0,0,0,0,0,0,0,0,0,0,0,0,0,0,0,0,0,0,0,0,0,0,0,0,0,0,0,0,0,0,0,0,0,0,0,0,0,0,0,0,0,0,0,0,0,0,0,0,0,0,0,0,0,0,0,0,0,0,0,0,0,0,0,0,0,0,0,0,0,0,0,0,0,0,0,0,0,0,0,0,0,0,0,0,0,0,0,0,0,0,0,0,0,0,0,0,81,45,0,0,0,0,0,0,0,64,0,0,0,0,0,0,0,0,61,0,2,0,0,80,0,0,0,0,0,0,0,0,0,0,0,94,0,81,0,0,0,0,66,0,0,0,0,0,0,0,0,6,12,16,0,0,23,64,0,76,0,0,0,0,20,0,0,0,20,16,0,0,73,0,0,0,0,0,0,0,0,0
"221",0,0,0,0,0,0,0,0,0,0,0,0,0,0,0,0,0,0,0,0,0,0,0,0,0,0,0,0,0,0,0,0,0,0,0,0,0,0,0,0,0,0,0,0,0,0,0,0,0,0,0,0,0,0,0,0,0,0,0,0,0,0,0,0,0,0,0,0,0,0,0,0,0,0,0,0,0,0,0,0,0,0,0,0,0,0,0,0,0,0,0,0,0,0,0,0,0,0,0,0,0,0,0,0,0,0,0,0,0,0,0,0,0,0,0,0,0,0,0,0,0,0,0,0,0,0,0,0,0,0,0,0,0,0,0,0,0,0,0,0,0,0,0,0,0,0,0,0,0,0,0,0,0,0,0,0,0,0,0,0,0,0,0,0,0,0,0,0,0,0,0,0,0,0,0,0,0,0,0,0,0,0,0,0,0,0,0,0,0,0,0,0,0,0,0,0,0,0,0,0,0,0,0,0,0,0,0,0,0,0,0,0,0,0,0,0,0,0,0,0,0,22,0,47,48,0,57,0,0,16,59,0,0,0,0,0,0,0,0,0,0,0,0,59,0,50,57,0,0,0,37,0,0,0,0,0,0,0,0,0,74,0,0,0,16,13,0,0,0,77,29,39,0,0,0,57,97,0,0,16,0,0,0,0,62,0,24,0,0,0,0,81,0,0,0,0,0,0,26,50
"222",0,0,0,0,0,0,0,0,0,0,0,0,0,0,0,0,0,0,0,0,0,0,0,0,0,0,0,0,0,0,0,0,0,0,0,0,0,0,0,0,0,0,0,0,0,0,0,0,0,0,0,0,0,0,0,0,0,0,0,0,0,0,0,0,0,0,0,0,0,0,0,0,0,0,0,0,0,0,0,0,0,0,0,0,0,0,0,0,0,0,0,0,0,0,0,0,0,0,0,0,0,0,0,0,0,0,0,0,0,0,0,0,0,0,0,0,0,0,0,0,0,0,0,0,0,0,0,0,0,0,0,0,0,0,0,0,0,0,0,0,0,0,0,0,0,0,0,0,0,0,0,0,0,0,0,0,0,0,0,0,0,0,0,0,0,0,0,0,0,0,0,0,0,0,0,0,0,0,0,0,0,0,0,0,0,0,0,0,0,0,0,0,0,0,0,0,0,0,0,0,0,0,0,0,0,0,0,0,0,0,0,0,0,0,0,0,0,0,0,0,0,0,0,0,0,0,0,40,0,86,67,0,0,0,35,0,0,0,0,67,0,0,0,0,0,0,0,14,100,0,0,0,0,64,0,0,0,0,0,0,75,0,0,6,0,2,0,91,0,0,0,0,0,0,0,2,36,0,0,0,0,0,0,0,0,0,84,0,0,0,0,7,21,0,0,52,0,1,0,0
"223",0,0,0,0,0,0,0,0,0,0,0,0,0,0,0,0,0,0,0,0,0,0,0,0,0,0,0,0,0,0,0,0,0,0,0,0,0,0,0,0,0,0,0,0,0,0,0,0,0,0,0,0,0,0,0,0,0,0,0,0,0,0,0,0,0,0,0,0,0,0,0,0,0,0,0,0,0,0,0,0,0,0,0,0,0,0,0,0,0,0,0,0,0,0,0,0,0,0,0,0,0,0,0,0,0,0,0,0,0,0,0,0,0,0,0,0,0,0,0,0,0,0,0,0,0,0,0,0,0,0,0,0,0,0,0,0,0,0,0,0,0,0,0,0,0,0,0,0,0,0,0,0,0,0,0,0,0,0,0,0,0,0,0,0,0,0,0,0,0,0,0,0,0,0,0,0,0,0,0,0,0,0,0,0,0,0,0,0,0,0,0,0,0,0,0,0,0,0,0,0,0,0,0,0,0,0,0,0,0,0,0,0,0,0,0,0,0,0,0,0,0,0,0,0,0,0,91,0,18,29,0,3,0,0,0,0,0,0,0,0,0,12,56,30,98,0,0,0,51,0,0,0,0,0,0,0,0,5,0,0,0,41,97,21,0,0,0,0,0,45,0,89,0,0,0,0,0,52,0,0,0,0,0,69,71,36,40,0,45,0,98,0,72,78,0,0,0,0,0,0
"224",0,0,0,0,0,0,0,0,0,0,0,0,0,0,0,0,0,0,0,0,0,0,0,0,0,0,0,0,0,0,0,0,0,0,0,0,0,0,0,0,0,0,0,0,0,0,0,0,0,0,0,0,0,0,0,0,0,0,0,0,0,0,0,0,0,0,0,0,0,0,0,0,0,0,0,0,0,0,0,0,0,0,0,0,0,0,0,0,0,0,0,0,0,0,0,0,0,0,0,0,0,0,0,0,0,0,0,0,0,0,0,0,0,0,0,0,0,0,0,0,0,0,0,0,0,0,0,0,0,0,0,0,0,0,0,0,0,0,0,0,0,0,0,0,0,0,0,0,0,0,0,0,0,0,0,0,0,0,0,0,0,0,0,0,0,0,0,0,0,0,0,0,0,0,0,0,0,0,0,0,0,0,0,0,0,0,0,0,0,0,0,0,0,0,0,0,0,0,0,0,0,0,0,0,0,0,0,0,0,0,0,0,0,0,0,0,0,0,0,0,0,0,0,0,0,0,0,0,0,0,0,0,0,0,0,0,0,0,0,12,0,0,0,0,65,12,0,0,0,0,0,85,0,0,0,0,0,0,0,0,0,0,15,0,0,0,0,0,0,0,0,0,21,0,0,0,0,0,84,0,35,0,35,0,0,0,27,0,0,0,0,59,0,65,0,0,0,89,0,0
"225",0,0,0,0,0,0,0,0,0,0,0,0,0,0,0,0,0,0,0,0,0,0,0,0,0,0,0,0,0,0,0,0,0,0,0,0,0,0,0,0,0,0,0,0,0,0,0,0,0,0,0,0,0,0,0,0,0,0,0,0,0,0,0,0,0,0,0,0,0,0,0,0,0,0,0,0,0,0,0,0,0,0,0,0,0,0,0,0,0,0,0,0,0,0,0,0,0,0,0,0,0,0,0,0,0,0,0,0,0,0,0,0,0,0,0,0,0,0,0,0,0,0,0,0,0,0,0,0,0,0,0,0,0,0,0,0,0,0,0,0,0,0,0,0,0,0,0,0,0,0,0,0,0,0,0,0,0,0,0,0,0,0,0,0,0,0,0,0,0,0,0,0,0,0,0,0,0,0,0,0,0,0,0,0,0,0,0,0,0,0,0,0,0,0,0,0,0,0,0,0,0,0,0,0,0,0,0,0,0,0,0,0,0,0,0,0,0,0,0,0,0,0,0,16,0,0,0,0,60,0,0,0,0,0,0,0,0,0,0,0,0,12,0,61,0,0,0,43,0,0,50,0,0,0,0,0,70,49,0,0,66,0,0,67,0,0,0,0,0,0,0,0,0,0,47,1,0,0,0,33,0,0,0,0,0,32,0,20,0,0,0,0,0,0,0,33,0,0,0,73
"226",0,0,0,0,0,0,0,0,0,0,0,0,0,0,0,0,0,0,0,0,0,0,0,0,0,0,0,0,0,0,0,0,0,0,0,0,0,0,0,0,0,0,0,0,0,0,0,0,0,0,0,0,0,0,0,0,0,0,0,0,0,0,0,0,0,0,0,0,0,0,0,0,0,0,0,0,0,0,0,0,0,0,0,0,0,0,0,0,0,0,0,0,0,0,0,0,0,0,0,0,0,0,0,0,0,0,0,0,0,0,0,0,0,0,0,0,0,0,0,0,0,0,0,0,0,0,0,0,0,0,0,0,0,0,0,0,0,0,0,0,0,0,0,0,0,0,0,0,0,0,0,0,0,0,0,0,0,0,0,0,0,0,0,0,0,0,0,0,0,0,0,0,0,0,0,0,0,0,0,0,0,0,0,0,0,0,0,0,0,0,0,0,0,0,0,0,0,0,0,0,0,0,0,0,0,0,0,0,0,0,0,0,0,0,0,0,0,0,0,0,0,0,0,0,15,0,0,0,14,0,0,45,5,0,0,98,100,0,0,15,0,0,0,0,0,0,0,27,0,0,0,0,0,0,22,0,0,0,79,0,0,0,0,92,0,0,70,0,0,0,0,0,0,0,0,0,0,33,53,0,35,0,0,0,0,0,67,0,0,0,0,0,83,16,0,89,0,15,0,0
"227",0,0,0,0,0,0,0,0,0,0,0,0,0,0,0,0,0,0,0,0,0,0,0,0,0,0,0,0,0,0,0,0,0,0,0,0,0,0,0,0,0,0,0,0,0,0,0,0,0,0,0,0,0,0,0,0,0,0,0,0,0,0,0,0,0,0,0,0,0,0,0,0,0,0,0,0,0,0,0,0,0,0,0,0,0,0,0,0,0,0,0,0,0,0,0,0,0,0,0,0,0,0,0,0,0,0,0,0,0,0,0,0,0,0,0,0,0,0,0,0,0,0,0,0,0,0,0,0,0,0,0,0,0,0,0,0,0,0,0,0,0,0,0,0,0,0,0,0,0,0,0,0,0,0,0,0,0,0,0,0,0,0,0,0,0,0,0,0,0,0,0,0,0,0,0,0,0,0,0,0,0,0,0,0,0,0,0,0,0,0,0,0,0,0,0,0,0,0,0,0,0,0,0,0,0,0,0,0,0,0,0,0,0,0,0,0,0,0,0,0,0,0,0,0,0,0,0,0,0,0,0,0,0,93,72,0,0,0,0,0,0,0,0,0,96,0,0,0,0,39,0,0,0,0,0,0,0,0,0,29,0,0,0,0,63,0,0,52,0,0,0,0,0,0,0,0,0,32,0,0,0,0,0,0,40,0,0,0,0,76,6,0,0,0,89,65,0,0,0,0
"228",0,0,0,0,0,0,0,0,0,0,0,0,0,0,0,0,0,0,0,0,0,0,0,0,0,0,0,0,0,0,0,0,0,0,0,0,0,0,0,0,0,0,0,0,0,0,0,0,0,0,0,0,0,0,0,0,0,0,0,0,0,0,0,0,0,0,0,0,0,0,0,0,0,0,0,0,0,0,0,0,0,0,0,0,0,0,0,0,0,0,0,0,0,0,0,0,0,0,0,0,0,0,0,0,0,0,0,0,0,0,0,0,0,0,0,0,0,0,0,0,0,0,0,0,0,0,0,0,0,0,0,0,0,0,0,0,0,0,0,0,0,0,0,0,0,0,0,0,0,0,0,0,0,0,0,0,0,0,0,0,0,0,0,0,0,0,0,0,0,0,0,0,0,0,0,0,0,0,0,0,0,0,0,0,0,0,0,0,0,0,0,0,0,0,0,0,0,0,0,0,0,0,0,0,0,0,0,0,0,0,0,0,0,0,0,0,0,0,0,0,0,0,0,0,0,0,28,0,0,0,60,92,0,0,0,74,67,42,0,0,0,0,0,24,0,30,0,0,0,98,0,0,0,0,0,0,0,0,0,0,0,0,0,64,0,0,0,0,0,0,0,0,0,0,0,0,0,35,53,0,0,0,0,0,0,0,18,91,0,0,0,82,12,0,0,0,0,0,62,71
"229",0,0,0,0,0,0,0,0,0,0,0,0,0,0,0,0,0,0,0,0,0,0,0,0,0,0,0,0,0,0,0,0,0,0,0,0,0,0,0,0,0,0,0,0,0,0,0,0,0,0,0,0,0,0,0,0,0,0,0,0,0,0,0,0,0,0,0,0,0,0,0,0,0,0,0,0,0,0,0,0,0,0,0,0,0,0,0,0,0,0,0,0,0,0,0,0,0,0,0,0,0,0,0,0,0,0,0,0,0,0,0,0,0,0,0,0,0,0,0,0,0,0,0,0,0,0,0,0,0,0,0,0,0,0,0,0,0,0,0,0,0,0,0,0,0,0,0,0,0,0,0,0,0,0,0,0,0,0,0,0,0,0,0,0,0,0,0,0,0,0,0,0,0,0,0,0,0,0,0,0,0,0,0,0,0,0,0,0,0,0,0,0,0,0,0,0,0,0,0,0,0,0,0,0,0,0,0,0,0,0,0,0,0,0,0,0,0,0,0,0,0,0,0,0,0,0,0,0,0,0,0,38,22,10,0,0,0,0,0,0,24,0,53,0,42,0,0,0,0,0,0,0,0,0,0,0,51,0,0,70,0,7,0,0,0,64,0,0,0,89,0,25,100,0,0,0,0,0,0,0,0,0,0,0,96,0,38,0,0,0,0,0,0,0,0,0,0,92,0,0
"230",0,0,0,0,0,0,0,0,0,0,0,0,0,0,0,0,0,0,0,0,0,0,0,0,0,0,0,0,0,0,0,0,0,0,0,0,0,0,0,0,0,0,0,0,0,0,0,0,0,0,0,0,0,0,0,0,0,0,0,0,0,0,0,0,0,0,0,0,0,0,0,0,0,0,0,0,0,0,0,0,0,0,0,0,0,0,0,0,0,0,0,0,0,0,0,0,0,0,0,0,0,0,0,0,0,0,0,0,0,0,0,0,0,0,0,0,0,0,0,0,0,0,0,0,0,0,0,0,0,0,0,0,0,0,0,0,0,0,0,0,0,0,0,0,0,0,0,0,0,0,0,0,0,0,0,0,0,0,0,0,0,0,0,0,0,0,0,0,0,0,0,0,0,0,0,0,0,0,0,0,0,0,0,0,0,0,0,0,0,0,0,0,0,0,0,0,0,0,0,0,0,0,0,0,0,0,0,0,0,0,0,0,0,0,0,0,0,0,0,0,0,0,0,0,0,0,0,0,66,0,0,0,60,0,0,0,0,0,0,0,0,0,0,0,0,0,0,0,0,85,0,90,0,32,0,0,27,81,0,0,0,0,0,0,0,0,87,0,0,0,0,0,0,0,26,0,0,21,85,32,0,95,0,0,0,0,0,7,0,0,0,0,0,0,0,0,51,68,0,0
"231",0,0,0,0,0,0,0,0,0,0,0,0,0,0,0,0,0,0,0,0,0,0,0,0,0,0,0,0,0,0,0,0,0,0,0,0,0,0,0,0,0,0,0,0,0,0,0,0,0,0,0,0,0,0,0,0,0,0,0,0,0,0,0,0,0,0,0,0,0,0,0,0,0,0,0,0,0,0,0,0,0,0,0,0,0,0,0,0,0,0,0,0,0,0,0,0,0,0,0,0,0,0,0,0,0,0,0,0,0,0,0,0,0,0,0,0,0,0,0,0,0,0,0,0,0,0,0,0,0,0,0,0,0,0,0,0,0,0,0,0,0,0,0,0,0,0,0,0,0,0,0,0,0,0,0,0,0,0,0,0,0,0,0,0,0,0,0,0,0,0,0,0,0,0,0,0,0,0,0,0,0,0,0,0,0,0,0,0,0,0,0,0,0,0,0,0,0,0,0,0,0,0,0,0,0,0,0,0,0,0,0,0,0,0,0,0,0,0,0,0,0,0,0,0,0,0,0,0,0,0,0,0,0,0,0,0,0,23,0,0,0,24,0,0,0,0,72,32,0,0,0,0,0,0,0,0,0,18,0,0,0,0,0,1,0,13,98,0,35,0,0,71,82,0,0,0,0,0,0,0,0,0,0,0,89,0,0,0,6,0,0,0,0,13,0,11,0,0,0,0
"232",0,0,0,0,0,0,0,0,0,0,0,0,0,0,0,0,0,0,0,0,0,0,0,0,0,0,0,0,0,0,0,0,0,0,0,0,0,0,0,0,0,0,0,0,0,0,0,0,0,0,0,0,0,0,0,0,0,0,0,0,0,0,0,0,0,0,0,0,0,0,0,0,0,0,0,0,0,0,0,0,0,0,0,0,0,0,0,0,0,0,0,0,0,0,0,0,0,0,0,0,0,0,0,0,0,0,0,0,0,0,0,0,0,0,0,0,0,0,0,0,0,0,0,0,0,0,0,0,0,0,0,0,0,0,0,0,0,0,0,0,0,0,0,0,0,0,0,0,0,0,0,0,0,0,0,0,0,0,0,0,0,0,0,0,0,0,0,0,0,0,0,0,0,0,0,0,0,0,0,0,0,0,0,0,0,0,0,0,0,0,0,0,0,0,0,0,0,0,0,0,0,0,0,0,0,0,0,0,0,0,0,0,0,0,0,0,0,0,0,0,0,0,0,0,0,0,0,0,0,0,0,89,0,0,0,0,0,74,0,0,0,0,8,0,60,0,23,0,0,88,0,0,0,0,0,0,31,30,0,0,57,0,0,0,0,0,0,25,0,0,0,1,0,92,0,0,92,36,46,0,4,0,14,57,0,0,47,29,32,0,0,0,22,0,62,0,0,0,0,0
"233",0,0,0,0,0,0,0,0,0,0,0,0,0,0,0,0,0,0,0,0,0,0,0,0,0,0,0,0,0,0,0,0,0,0,0,0,0,0,0,0,0,0,0,0,0,0,0,0,0,0,0,0,0,0,0,0,0,0,0,0,0,0,0,0,0,0,0,0,0,0,0,0,0,0,0,0,0,0,0,0,0,0,0,0,0,0,0,0,0,0,0,0,0,0,0,0,0,0,0,0,0,0,0,0,0,0,0,0,0,0,0,0,0,0,0,0,0,0,0,0,0,0,0,0,0,0,0,0,0,0,0,0,0,0,0,0,0,0,0,0,0,0,0,0,0,0,0,0,0,0,0,0,0,0,0,0,0,0,0,0,0,0,0,0,0,0,0,0,0,0,0,0,0,0,0,0,0,0,0,0,0,0,0,0,0,0,0,0,0,0,0,0,0,0,0,0,0,0,0,0,0,0,0,0,0,0,0,0,0,0,0,0,0,0,0,0,0,0,0,0,0,0,0,0,0,0,0,0,0,0,0,0,0,0,0,0,0,55,0,0,0,0,0,47,0,0,0,0,0,85,0,0,0,0,0,77,86,0,0,67,0,1,0,0,0,0,0,0,0,0,0,0,0,0,0,64,0,0,0,0,0,0,0,0,24,100,0,0,0,0,0,0,0,0,77,0,22,0,0,0
"234",0,0,0,0,0,0,0,0,0,0,0,0,0,0,0,0,0,0,0,0,0,0,0,0,0,0,0,0,0,0,0,0,0,0,0,0,0,0,0,0,0,0,0,0,0,0,0,0,0,0,0,0,0,0,0,0,0,0,0,0,0,0,0,0,0,0,0,0,0,0,0,0,0,0,0,0,0,0,0,0,0,0,0,0,0,0,0,0,0,0,0,0,0,0,0,0,0,0,0,0,0,0,0,0,0,0,0,0,0,0,0,0,0,0,0,0,0,0,0,0,0,0,0,0,0,0,0,0,0,0,0,0,0,0,0,0,0,0,0,0,0,0,0,0,0,0,0,0,0,0,0,0,0,0,0,0,0,0,0,0,0,0,0,0,0,0,0,0,0,0,0,0,0,0,0,0,0,0,0,0,0,0,0,0,0,0,0,0,0,0,0,0,0,0,0,0,0,0,0,0,0,0,0,0,0,0,0,0,0,0,0,0,0,0,0,0,0,0,0,0,0,0,0,0,0,0,0,0,0,0,0,0,0,0,0,0,0,57,4,0,69,0,0,0,70,0,0,0,0,0,0,0,86,0,0,0,0,0,97,0,0,0,0,0,0,0,0,97,0,0,0,0,26,0,0,0,0,25,0,0,77,0,80,0,0,6,0,0,61,0,73,0,0,54,0,60,0,0,0,0
"235",0,0,0,0,0,0,0,0,0,0,0,0,0,0,0,0,0,0,0,0,0,0,0,0,0,0,0,0,0,0,0,0,0,0,0,0,0,0,0,0,0,0,0,0,0,0,0,0,0,0,0,0,0,0,0,0,0,0,0,0,0,0,0,0,0,0,0,0,0,0,0,0,0,0,0,0,0,0,0,0,0,0,0,0,0,0,0,0,0,0,0,0,0,0,0,0,0,0,0,0,0,0,0,0,0,0,0,0,0,0,0,0,0,0,0,0,0,0,0,0,0,0,0,0,0,0,0,0,0,0,0,0,0,0,0,0,0,0,0,0,0,0,0,0,0,0,0,0,0,0,0,0,0,0,0,0,0,0,0,0,0,0,0,0,0,0,0,0,0,0,0,0,0,0,0,0,0,0,0,0,0,0,0,0,0,0,0,0,0,0,0,0,0,0,0,0,0,0,0,0,0,0,0,0,0,0,0,0,0,0,0,0,0,0,0,0,0,0,0,0,0,0,0,0,0,0,0,0,0,0,0,0,0,0,0,44,0,29,70,2,12,0,0,0,0,0,75,15,0,0,0,0,0,0,33,0,0,0,59,0,0,41,0,0,0,0,0,0,0,83,0,57,0,47,0,73,69,73,0,0,0,0,0,0,0,0,92,1,0,44,0,0,55,0,0,0,0,0,0,78
"236",0,0,0,0,0,0,0,0,0,0,0,0,0,0,0,0,0,0,0,0,0,0,0,0,0,0,0,0,0,0,0,0,0,0,0,0,0,0,0,0,0,0,0,0,0,0,0,0,0,0,0,0,0,0,0,0,0,0,0,0,0,0,0,0,0,0,0,0,0,0,0,0,0,0,0,0,0,0,0,0,0,0,0,0,0,0,0,0,0,0,0,0,0,0,0,0,0,0,0,0,0,0,0,0,0,0,0,0,0,0,0,0,0,0,0,0,0,0,0,0,0,0,0,0,0,0,0,0,0,0,0,0,0,0,0,0,0,0,0,0,0,0,0,0,0,0,0,0,0,0,0,0,0,0,0,0,0,0,0,0,0,0,0,0,0,0,0,0,0,0,0,0,0,0,0,0,0,0,0,0,0,0,0,0,0,0,0,0,0,0,0,0,0,0,0,0,0,0,0,0,0,0,0,0,0,0,0,0,0,0,0,0,0,0,0,0,0,0,0,0,0,0,0,0,0,0,0,0,0,0,0,0,0,0,0,0,0,14,0,0,7,0,90,0,0,0,20,0,0,0,0,0,0,0,0,0,0,0,18,37,0,0,0,0,0,0,17,39,0,0,0,0,0,0,0,0,0,0,0,0,0,0,0,0,0,0,21,0,0,0,0,23,0,0,0,0,0,83,0,54
"237",0,0,0,0,0,0,0,0,0,0,0,0,0,0,0,0,0,0,0,0,0,0,0,0,0,0,0,0,0,0,0,0,0,0,0,0,0,0,0,0,0,0,0,0,0,0,0,0,0,0,0,0,0,0,0,0,0,0,0,0,0,0,0,0,0,0,0,0,0,0,0,0,0,0,0,0,0,0,0,0,0,0,0,0,0,0,0,0,0,0,0,0,0,0,0,0,0,0,0,0,0,0,0,0,0,0,0,0,0,0,0,0,0,0,0,0,0,0,0,0,0,0,0,0,0,0,0,0,0,0,0,0,0,0,0,0,0,0,0,0,0,0,0,0,0,0,0,0,0,0,0,0,0,0,0,0,0,0,0,0,0,0,0,0,0,0,0,0,0,0,0,0,0,0,0,0,0,0,0,0,0,0,0,0,0,0,0,0,0,0,0,0,0,0,0,0,0,0,0,0,0,0,0,0,0,0,0,0,0,0,0,0,0,0,0,0,0,0,0,0,0,0,0,0,0,0,0,0,0,0,0,0,0,0,0,0,0,0,0,33,0,0,0,0,0,75,0,0,0,58,0,0,0,87,0,0,0,0,0,43,0,69,0,0,0,0,0,32,0,0,0,46,0,0,0,0,84,95,0,0,0,0,0,0,0,68,38,0,0,0,0,0,0,31,0,0,0,0,0,0
"238",0,0,0,0,0,0,0,0,0,0,0,0,0,0,0,0,0,0,0,0,0,0,0,0,0,0,0,0,0,0,0,0,0,0,0,0,0,0,0,0,0,0,0,0,0,0,0,0,0,0,0,0,0,0,0,0,0,0,0,0,0,0,0,0,0,0,0,0,0,0,0,0,0,0,0,0,0,0,0,0,0,0,0,0,0,0,0,0,0,0,0,0,0,0,0,0,0,0,0,0,0,0,0,0,0,0,0,0,0,0,0,0,0,0,0,0,0,0,0,0,0,0,0,0,0,0,0,0,0,0,0,0,0,0,0,0,0,0,0,0,0,0,0,0,0,0,0,0,0,0,0,0,0,0,0,0,0,0,0,0,0,0,0,0,0,0,0,0,0,0,0,0,0,0,0,0,0,0,0,0,0,0,0,0,0,0,0,0,0,0,0,0,0,0,0,0,0,0,0,0,0,0,0,0,0,0,0,0,0,0,0,0,0,0,0,0,0,0,0,0,0,0,0,0,0,0,0,0,0,0,0,0,0,0,0,0,0,0,0,0,0,0,0,0,0,81,0,7,0,0,0,0,0,0,67,0,0,0,0,0,42,83,8,28,0,65,73,0,0,59,66,0,0,70,0,0,0,0,0,0,0,0,0,0,0,0,0,0,0,0,0,0,0,0,89,0,0,0,36,0
"239",0,0,0,0,0,0,0,0,0,0,0,0,0,0,0,0,0,0,0,0,0,0,0,0,0,0,0,0,0,0,0,0,0,0,0,0,0,0,0,0,0,0,0,0,0,0,0,0,0,0,0,0,0,0,0,0,0,0,0,0,0,0,0,0,0,0,0,0,0,0,0,0,0,0,0,0,0,0,0,0,0,0,0,0,0,0,0,0,0,0,0,0,0,0,0,0,0,0,0,0,0,0,0,0,0,0,0,0,0,0,0,0,0,0,0,0,0,0,0,0,0,0,0,0,0,0,0,0,0,0,0,0,0,0,0,0,0,0,0,0,0,0,0,0,0,0,0,0,0,0,0,0,0,0,0,0,0,0,0,0,0,0,0,0,0,0,0,0,0,0,0,0,0,0,0,0,0,0,0,0,0,0,0,0,0,0,0,0,0,0,0,0,0,0,0,0,0,0,0,0,0,0,0,0,0,0,0,0,0,0,0,0,0,0,0,0,0,0,0,0,0,0,0,0,0,0,0,0,0,0,0,0,0,0,0,0,0,62,0,10,0,0,0,0,0,0,0,0,0,0,0,0,0,85,8,0,0,0,0,0,84,49,0,0,85,0,93,0,0,80,0,0,95,0,0,68,12,0,99,0,0,0,0,0,0,0,0,46,0,0,35,0,0,0,0,0,73,0,0,0
"240",0,0,0,0,0,0,0,0,0,0,0,0,0,0,0,0,0,0,0,0,0,0,0,0,0,0,0,0,0,0,0,0,0,0,0,0,0,0,0,0,0,0,0,0,0,0,0,0,0,0,0,0,0,0,0,0,0,0,0,0,0,0,0,0,0,0,0,0,0,0,0,0,0,0,0,0,0,0,0,0,0,0,0,0,0,0,0,0,0,0,0,0,0,0,0,0,0,0,0,0,0,0,0,0,0,0,0,0,0,0,0,0,0,0,0,0,0,0,0,0,0,0,0,0,0,0,0,0,0,0,0,0,0,0,0,0,0,0,0,0,0,0,0,0,0,0,0,0,0,0,0,0,0,0,0,0,0,0,0,0,0,0,0,0,0,0,0,0,0,0,0,0,0,0,0,0,0,0,0,0,0,0,0,0,0,0,0,0,0,0,0,0,0,0,0,0,0,0,0,0,0,0,0,0,0,0,0,0,0,0,0,0,0,0,0,0,0,0,0,0,0,0,0,0,0,0,0,0,0,0,0,0,0,0,0,0,0,0,0,0,0,0,0,0,0,37,0,0,0,57,0,0,0,0,75,0,0,0,0,32,0,0,0,0,0,0,0,0,0,0,3,92,85,0,68,9,0,0,62,38,0,0,0,0,0,0,0,0,0,0,0,0,0,0,0,0,0,0,0,0
"241",0,0,0,0,0,0,0,0,0,0,0,0,0,0,0,0,0,0,0,0,0,0,0,0,0,0,0,0,0,0,0,0,0,0,0,0,0,0,0,0,0,0,0,0,0,0,0,0,0,0,0,0,0,0,0,0,0,0,0,0,0,0,0,0,0,0,0,0,0,0,0,0,0,0,0,0,0,0,0,0,0,0,0,0,0,0,0,0,0,0,0,0,0,0,0,0,0,0,0,0,0,0,0,0,0,0,0,0,0,0,0,0,0,0,0,0,0,0,0,0,0,0,0,0,0,0,0,0,0,0,0,0,0,0,0,0,0,0,0,0,0,0,0,0,0,0,0,0,0,0,0,0,0,0,0,0,0,0,0,0,0,0,0,0,0,0,0,0,0,0,0,0,0,0,0,0,0,0,0,0,0,0,0,0,0,0,0,0,0,0,0,0,0,0,0,0,0,0,0,0,0,0,0,0,0,0,0,0,0,0,0,0,0,0,0,0,0,0,0,0,0,0,0,0,0,0,0,0,0,0,0,0,0,0,0,0,0,0,0,0,0,0,0,0,0,0,0,0,0,0,0,0,0,0,0,0,68,0,97,0,59,0,0,0,0,0,0,0,0,0,0,0,0,60,0,0,0,0,0,0,0,0,0,0,8,32,0,0,0,0,0,0,0,0,0,0,0,0,0,0
"242",0,0,0,0,0,0,0,0,0,0,0,0,0,0,0,0,0,0,0,0,0,0,0,0,0,0,0,0,0,0,0,0,0,0,0,0,0,0,0,0,0,0,0,0,0,0,0,0,0,0,0,0,0,0,0,0,0,0,0,0,0,0,0,0,0,0,0,0,0,0,0,0,0,0,0,0,0,0,0,0,0,0,0,0,0,0,0,0,0,0,0,0,0,0,0,0,0,0,0,0,0,0,0,0,0,0,0,0,0,0,0,0,0,0,0,0,0,0,0,0,0,0,0,0,0,0,0,0,0,0,0,0,0,0,0,0,0,0,0,0,0,0,0,0,0,0,0,0,0,0,0,0,0,0,0,0,0,0,0,0,0,0,0,0,0,0,0,0,0,0,0,0,0,0,0,0,0,0,0,0,0,0,0,0,0,0,0,0,0,0,0,0,0,0,0,0,0,0,0,0,0,0,0,0,0,0,0,0,0,0,0,0,0,0,0,0,0,0,0,0,0,0,0,0,0,0,0,0,0,0,0,0,0,0,0,0,0,0,0,0,65,0,51,62,0,0,0,76,0,0,0,0,0,30,0,34,0,0,0,0,55,0,0,0,0,3,0,0,0,0,0,0,0,0,0,0,0,22,0,63,0,0,29,22,0,29,0,14,62,0,18,0,0,0,0,0,0,0,0,93
"243",0,0,0,0,0,0,0,0,0,0,0,0,0,0,0,0,0,0,0,0,0,0,0,0,0,0,0,0,0,0,0,0,0,0,0,0,0,0,0,0,0,0,0,0,0,0,0,0,0,0,0,0,0,0,0,0,0,0,0,0,0,0,0,0,0,0,0,0,0,0,0,0,0,0,0,0,0,0,0,0,0,0,0,0,0,0,0,0,0,0,0,0,0,0,0,0,0,0,0,0,0,0,0,0,0,0,0,0,0,0,0,0,0,0,0,0,0,0,0,0,0,0,0,0,0,0,0,0,0,0,0,0,0,0,0,0,0,0,0,0,0,0,0,0,0,0,0,0,0,0,0,0,0,0,0,0,0,0,0,0,0,0,0,0,0,0,0,0,0,0,0,0,0,0,0,0,0,0,0,0,0,0,0,0,0,0,0,0,0,0,0,0,0,0,0,0,0,0,0,0,0,0,0,0,0,0,0,0,0,0,0,0,0,0,0,0,0,0,0,0,0,0,0,0,0,0,0,0,0,0,0,0,0,0,0,0,0,0,0,0,0,0,54,19,0,0,0,0,45,0,0,0,0,0,74,0,0,0,0,0,0,0,0,0,0,0,38,34,0,4,0,0,0,0,0,0,0,0,0,0,0,92,0,0,48,0,0,62,0,0,63,0,0,0,0,0,30,0,0,0
"244",0,0,0,0,0,0,0,0,0,0,0,0,0,0,0,0,0,0,0,0,0,0,0,0,0,0,0,0,0,0,0,0,0,0,0,0,0,0,0,0,0,0,0,0,0,0,0,0,0,0,0,0,0,0,0,0,0,0,0,0,0,0,0,0,0,0,0,0,0,0,0,0,0,0,0,0,0,0,0,0,0,0,0,0,0,0,0,0,0,0,0,0,0,0,0,0,0,0,0,0,0,0,0,0,0,0,0,0,0,0,0,0,0,0,0,0,0,0,0,0,0,0,0,0,0,0,0,0,0,0,0,0,0,0,0,0,0,0,0,0,0,0,0,0,0,0,0,0,0,0,0,0,0,0,0,0,0,0,0,0,0,0,0,0,0,0,0,0,0,0,0,0,0,0,0,0,0,0,0,0,0,0,0,0,0,0,0,0,0,0,0,0,0,0,0,0,0,0,0,0,0,0,0,0,0,0,0,0,0,0,0,0,0,0,0,0,0,0,0,0,0,0,0,0,0,0,0,0,0,0,0,0,0,0,0,0,0,0,0,0,0,0,0,0,96,37,0,0,0,0,0,0,0,0,0,0,0,0,22,29,0,0,0,0,0,34,0,0,0,39,20,0,0,84,0,0,0,0,0,87,0,0,0,0,0,0,0,0,0,0,0,0,0,29,0,0,0,0,0,0
"245",0,0,0,0,0,0,0,0,0,0,0,0,0,0,0,0,0,0,0,0,0,0,0,0,0,0,0,0,0,0,0,0,0,0,0,0,0,0,0,0,0,0,0,0,0,0,0,0,0,0,0,0,0,0,0,0,0,0,0,0,0,0,0,0,0,0,0,0,0,0,0,0,0,0,0,0,0,0,0,0,0,0,0,0,0,0,0,0,0,0,0,0,0,0,0,0,0,0,0,0,0,0,0,0,0,0,0,0,0,0,0,0,0,0,0,0,0,0,0,0,0,0,0,0,0,0,0,0,0,0,0,0,0,0,0,0,0,0,0,0,0,0,0,0,0,0,0,0,0,0,0,0,0,0,0,0,0,0,0,0,0,0,0,0,0,0,0,0,0,0,0,0,0,0,0,0,0,0,0,0,0,0,0,0,0,0,0,0,0,0,0,0,0,0,0,0,0,0,0,0,0,0,0,0,0,0,0,0,0,0,0,0,0,0,0,0,0,0,0,0,0,0,0,0,0,0,0,0,0,0,0,0,0,0,0,0,0,0,0,0,0,0,0,0,0,0,0,0,0,0,0,69,0,0,0,74,22,70,0,0,0,0,0,0,0,4,0,0,60,0,0,6,0,0,0,0,86,0,0,46,0,0,0,0,0,0,0,0,0,37,81,0,0,0,23,0,0,0,0,0
"246",0,0,0,0,0,0,0,0,0,0,0,0,0,0,0,0,0,0,0,0,0,0,0,0,0,0,0,0,0,0,0,0,0,0,0,0,0,0,0,0,0,0,0,0,0,0,0,0,0,0,0,0,0,0,0,0,0,0,0,0,0,0,0,0,0,0,0,0,0,0,0,0,0,0,0,0,0,0,0,0,0,0,0,0,0,0,0,0,0,0,0,0,0,0,0,0,0,0,0,0,0,0,0,0,0,0,0,0,0,0,0,0,0,0,0,0,0,0,0,0,0,0,0,0,0,0,0,0,0,0,0,0,0,0,0,0,0,0,0,0,0,0,0,0,0,0,0,0,0,0,0,0,0,0,0,0,0,0,0,0,0,0,0,0,0,0,0,0,0,0,0,0,0,0,0,0,0,0,0,0,0,0,0,0,0,0,0,0,0,0,0,0,0,0,0,0,0,0,0,0,0,0,0,0,0,0,0,0,0,0,0,0,0,0,0,0,0,0,0,0,0,0,0,0,0,0,0,0,0,0,0,0,0,0,0,0,0,0,0,0,0,0,0,0,3,66,0,76,0,0,0,0,0,97,29,0,57,0,0,0,0,2,0,0,0,28,0,0,0,45,0,18,0,0,0,0,6,0,0,0,0,0,0,0,0,0,0,3,63,0,0,0,0,6,0,0,0,0,0,0
"247",0,0,0,0,0,0,0,0,0,0,0,0,0,0,0,0,0,0,0,0,0,0,0,0,0,0,0,0,0,0,0,0,0,0,0,0,0,0,0,0,0,0,0,0,0,0,0,0,0,0,0,0,0,0,0,0,0,0,0,0,0,0,0,0,0,0,0,0,0,0,0,0,0,0,0,0,0,0,0,0,0,0,0,0,0,0,0,0,0,0,0,0,0,0,0,0,0,0,0,0,0,0,0,0,0,0,0,0,0,0,0,0,0,0,0,0,0,0,0,0,0,0,0,0,0,0,0,0,0,0,0,0,0,0,0,0,0,0,0,0,0,0,0,0,0,0,0,0,0,0,0,0,0,0,0,0,0,0,0,0,0,0,0,0,0,0,0,0,0,0,0,0,0,0,0,0,0,0,0,0,0,0,0,0,0,0,0,0,0,0,0,0,0,0,0,0,0,0,0,0,0,0,0,0,0,0,0,0,0,0,0,0,0,0,0,0,0,0,0,0,0,0,0,0,0,0,0,0,0,0,0,0,0,0,0,0,0,0,0,0,0,0,0,0,0,0,0,0,0,0,52,20,20,0,23,0,0,0,9,0,35,0,0,0,0,0,29,0,0,0,0,0,0,0,42,0,64,7,0,0,71,88,0,0,0,0,0,0,59,0,0,0,51,20,0,2,81,0,0,16
"248",0,0,0,0,0,0,0,0,0,0,0,0,0,0,0,0,0,0,0,0,0,0,0,0,0,0,0,0,0,0,0,0,0,0,0,0,0,0,0,0,0,0,0,0,0,0,0,0,0,0,0,0,0,0,0,0,0,0,0,0,0,0,0,0,0,0,0,0,0,0,0,0,0,0,0,0,0,0,0,0,0,0,0,0,0,0,0,0,0,0,0,0,0,0,0,0,0,0,0,0,0,0,0,0,0,0,0,0,0,0,0,0,0,0,0,0,0,0,0,0,0,0,0,0,0,0,0,0,0,0,0,0,0,0,0,0,0,0,0,0,0,0,0,0,0,0,0,0,0,0,0,0,0,0,0,0,0,0,0,0,0,0,0,0,0,0,0,0,0,0,0,0,0,0,0,0,0,0,0,0,0,0,0,0,0,0,0,0,0,0,0,0,0,0,0,0,0,0,0,0,0,0,0,0,0,0,0,0,0,0,0,0,0,0,0,0,0,0,0,0,0,0,0,0,0,0,0,0,0,0,0,0,0,0,0,0,0,0,0,0,0,0,0,0,0,0,0,0,0,0,41,0,0,0,0,0,0,0,0,39,0,0,0,0,94,0,0,71,6,0,0,0,78,0,8,0,0,1,0,69,0,0,0,21,25,0,0,0,0,84,0,0,0,0,0,0,0,0,0,55
"249",0,0,0,0,0,0,0,0,0,0,0,0,0,0,0,0,0,0,0,0,0,0,0,0,0,0,0,0,0,0,0,0,0,0,0,0,0,0,0,0,0,0,0,0,0,0,0,0,0,0,0,0,0,0,0,0,0,0,0,0,0,0,0,0,0,0,0,0,0,0,0,0,0,0,0,0,0,0,0,0,0,0,0,0,0,0,0,0,0,0,0,0,0,0,0,0,0,0,0,0,0,0,0,0,0,0,0,0,0,0,0,0,0,0,0,0,0,0,0,0,0,0,0,0,0,0,0,0,0,0,0,0,0,0,0,0,0,0,0,0,0,0,0,0,0,0,0,0,0,0,0,0,0,0,0,0,0,0,0,0,0,0,0,0,0,0,0,0,0,0,0,0,0,0,0,0,0,0,0,0,0,0,0,0,0,0,0,0,0,0,0,0,0,0,0,0,0,0,0,0,0,0,0,0,0,0,0,0,0,0,0,0,0,0,0,0,0,0,0,0,0,0,0,0,0,0,0,0,0,0,0,0,0,0,0,0,0,0,0,0,0,0,0,0,0,0,0,0,0,0,0,0,0,0,59,93,0,0,0,53,26,60,0,63,0,0,0,0,52,19,42,0,0,0,35,0,0,14,54,13,30,0,0,0,72,64,0,100,14,0,0,0,0,56,0,0,0,61,0,0
"250",0,0,0,0,0,0,0,0,0,0,0,0,0,0,0,0,0,0,0,0,0,0,0,0,0,0,0,0,0,0,0,0,0,0,0,0,0,0,0,0,0,0,0,0,0,0,0,0,0,0,0,0,0,0,0,0,0,0,0,0,0,0,0,0,0,0,0,0,0,0,0,0,0,0,0,0,0,0,0,0,0,0,0,0,0,0,0,0,0,0,0,0,0,0,0,0,0,0,0,0,0,0,0,0,0,0,0,0,0,0,0,0,0,0,0,0,0,0,0,0,0,0,0,0,0,0,0,0,0,0,0,0,0,0,0,0,0,0,0,0,0,0,0,0,0,0,0,0,0,0,0,0,0,0,0,0,0,0,0,0,0,0,0,0,0,0,0,0,0,0,0,0,0,0,0,0,0,0,0,0,0,0,0,0,0,0,0,0,0,0,0,0,0,0,0,0,0,0,0,0,0,0,0,0,0,0,0,0,0,0,0,0,0,0,0,0,0,0,0,0,0,0,0,0,0,0,0,0,0,0,0,0,0,0,0,0,0,0,0,0,0,0,0,0,0,0,0,0,0,0,0,0,0,0,0,0,0,0,0,0,85,0,50,23,58,62,0,100,0,0,0,0,0,17,0,0,0,0,0,0,0,0,62,0,0,0,69,0,0,0,0,63,0,79,0,0,0,89,0,0
"251",0,0,0,0,0,0,0,0,0,0,0,0,0,0,0,0,0,0,0,0,0,0,0,0,0,0,0,0,0,0,0,0,0,0,0,0,0,0,0,0,0,0,0,0,0,0,0,0,0,0,0,0,0,0,0,0,0,0,0,0,0,0,0,0,0,0,0,0,0,0,0,0,0,0,0,0,0,0,0,0,0,0,0,0,0,0,0,0,0,0,0,0,0,0,0,0,0,0,0,0,0,0,0,0,0,0,0,0,0,0,0,0,0,0,0,0,0,0,0,0,0,0,0,0,0,0,0,0,0,0,0,0,0,0,0,0,0,0,0,0,0,0,0,0,0,0,0,0,0,0,0,0,0,0,0,0,0,0,0,0,0,0,0,0,0,0,0,0,0,0,0,0,0,0,0,0,0,0,0,0,0,0,0,0,0,0,0,0,0,0,0,0,0,0,0,0,0,0,0,0,0,0,0,0,0,0,0,0,0,0,0,0,0,0,0,0,0,0,0,0,0,0,0,0,0,0,0,0,0,0,0,0,0,0,0,0,0,0,0,0,0,0,0,0,0,0,0,0,0,0,0,0,85,0,0,0,68,0,0,0,58,0,0,0,12,0,43,25,0,0,0,0,0,0,27,0,0,0,0,0,52,0,0,61,0,0,3,6,45,0,0,0,0,31,0,67,97,0,0,0
"252",0,0,0,0,0,0,0,0,0,0,0,0,0,0,0,0,0,0,0,0,0,0,0,0,0,0,0,0,0,0,0,0,0,0,0,0,0,0,0,0,0,0,0,0,0,0,0,0,0,0,0,0,0,0,0,0,0,0,0,0,0,0,0,0,0,0,0,0,0,0,0,0,0,0,0,0,0,0,0,0,0,0,0,0,0,0,0,0,0,0,0,0,0,0,0,0,0,0,0,0,0,0,0,0,0,0,0,0,0,0,0,0,0,0,0,0,0,0,0,0,0,0,0,0,0,0,0,0,0,0,0,0,0,0,0,0,0,0,0,0,0,0,0,0,0,0,0,0,0,0,0,0,0,0,0,0,0,0,0,0,0,0,0,0,0,0,0,0,0,0,0,0,0,0,0,0,0,0,0,0,0,0,0,0,0,0,0,0,0,0,0,0,0,0,0,0,0,0,0,0,0,0,0,0,0,0,0,0,0,0,0,0,0,0,0,0,0,0,0,0,0,0,0,0,0,0,0,0,0,0,0,0,0,0,0,0,0,0,0,0,0,0,0,0,0,0,0,0,0,0,0,18,0,0,0,0,0,0,0,0,0,0,29,0,0,0,36,0,0,73,0,10,0,0,0,21,32,0,0,0,0,0,67,48,0,0,0,18,0,67,0,0,0,0,0,0,0,0,0,0
"253",0,0,0,0,0,0,0,0,0,0,0,0,0,0,0,0,0,0,0,0,0,0,0,0,0,0,0,0,0,0,0,0,0,0,0,0,0,0,0,0,0,0,0,0,0,0,0,0,0,0,0,0,0,0,0,0,0,0,0,0,0,0,0,0,0,0,0,0,0,0,0,0,0,0,0,0,0,0,0,0,0,0,0,0,0,0,0,0,0,0,0,0,0,0,0,0,0,0,0,0,0,0,0,0,0,0,0,0,0,0,0,0,0,0,0,0,0,0,0,0,0,0,0,0,0,0,0,0,0,0,0,0,0,0,0,0,0,0,0,0,0,0,0,0,0,0,0,0,0,0,0,0,0,0,0,0,0,0,0,0,0,0,0,0,0,0,0,0,0,0,0,0,0,0,0,0,0,0,0,0,0,0,0,0,0,0,0,0,0,0,0,0,0,0,0,0,0,0,0,0,0,0,0,0,0,0,0,0,0,0,0,0,0,0,0,0,0,0,0,0,0,0,0,0,0,0,0,0,0,0,0,0,0,0,0,0,0,0,0,0,0,0,0,0,0,0,0,0,0,0,0,0,0,57,88,3,0,0,0,0,1,0,0,81,0,84,0,0,0,0,0,0,1,71,0,6,25,0,100,95,0,0,0,89,58,0,0,0,26,0,0,0,0,88,0,0,0,0,0,0
"254",0,0,0,0,0,0,0,0,0,0,0,0,0,0,0,0,0,0,0,0,0,0,0,0,0,0,0,0,0,0,0,0,0,0,0,0,0,0,0,0,0,0,0,0,0,0,0,0,0,0,0,0,0,0,0,0,0,0,0,0,0,0,0,0,0,0,0,0,0,0,0,0,0,0,0,0,0,0,0,0,0,0,0,0,0,0,0,0,0,0,0,0,0,0,0,0,0,0,0,0,0,0,0,0,0,0,0,0,0,0,0,0,0,0,0,0,0,0,0,0,0,0,0,0,0,0,0,0,0,0,0,0,0,0,0,0,0,0,0,0,0,0,0,0,0,0,0,0,0,0,0,0,0,0,0,0,0,0,0,0,0,0,0,0,0,0,0,0,0,0,0,0,0,0,0,0,0,0,0,0,0,0,0,0,0,0,0,0,0,0,0,0,0,0,0,0,0,0,0,0,0,0,0,0,0,0,0,0,0,0,0,0,0,0,0,0,0,0,0,0,0,0,0,0,0,0,0,0,0,0,0,0,0,0,0,0,0,0,0,0,0,0,0,0,0,0,0,0,0,0,0,0,0,0,0,31,48,31,0,44,0,0,84,23,33,0,0,0,0,57,0,0,0,5,0,3,0,0,0,21,0,0,0,0,0,31,0,0,0,0,0,0,0,0,0,40,0,0,33,82
"255",0,0,0,0,0,0,0,0,0,0,0,0,0,0,0,0,0,0,0,0,0,0,0,0,0,0,0,0,0,0,0,0,0,0,0,0,0,0,0,0,0,0,0,0,0,0,0,0,0,0,0,0,0,0,0,0,0,0,0,0,0,0,0,0,0,0,0,0,0,0,0,0,0,0,0,0,0,0,0,0,0,0,0,0,0,0,0,0,0,0,0,0,0,0,0,0,0,0,0,0,0,0,0,0,0,0,0,0,0,0,0,0,0,0,0,0,0,0,0,0,0,0,0,0,0,0,0,0,0,0,0,0,0,0,0,0,0,0,0,0,0,0,0,0,0,0,0,0,0,0,0,0,0,0,0,0,0,0,0,0,0,0,0,0,0,0,0,0,0,0,0,0,0,0,0,0,0,0,0,0,0,0,0,0,0,0,0,0,0,0,0,0,0,0,0,0,0,0,0,0,0,0,0,0,0,0,0,0,0,0,0,0,0,0,0,0,0,0,0,0,0,0,0,0,0,0,0,0,0,0,0,0,0,0,0,0,0,0,0,0,0,0,0,0,0,0,0,0,0,0,0,0,0,0,0,75,0,0,77,0,0,0,0,0,0,0,0,14,0,83,0,0,28,0,67,55,0,0,0,0,36,33,0,0,0,17,0,0,0,0,0,0,0,0,95,22,0,52,0,0
"256",0,0,0,0,0,0,0,0,0,0,0,0,0,0,0,0,0,0,0,0,0,0,0,0,0,0,0,0,0,0,0,0,0,0,0,0,0,0,0,0,0,0,0,0,0,0,0,0,0,0,0,0,0,0,0,0,0,0,0,0,0,0,0,0,0,0,0,0,0,0,0,0,0,0,0,0,0,0,0,0,0,0,0,0,0,0,0,0,0,0,0,0,0,0,0,0,0,0,0,0,0,0,0,0,0,0,0,0,0,0,0,0,0,0,0,0,0,0,0,0,0,0,0,0,0,0,0,0,0,0,0,0,0,0,0,0,0,0,0,0,0,0,0,0,0,0,0,0,0,0,0,0,0,0,0,0,0,0,0,0,0,0,0,0,0,0,0,0,0,0,0,0,0,0,0,0,0,0,0,0,0,0,0,0,0,0,0,0,0,0,0,0,0,0,0,0,0,0,0,0,0,0,0,0,0,0,0,0,0,0,0,0,0,0,0,0,0,0,0,0,0,0,0,0,0,0,0,0,0,0,0,0,0,0,0,0,0,0,0,0,0,0,0,0,0,0,0,0,0,0,0,0,0,0,0,87,86,0,74,82,51,66,0,38,0,0,0,31,44,0,0,0,80,0,0,0,0,0,14,10,0,0,79,86,0,0,0,0,40,0,39,0,61,33,0,0,85,0,0,0
"257",0,0,0,0,0,0,0,0,0,0,0,0,0,0,0,0,0,0,0,0,0,0,0,0,0,0,0,0,0,0,0,0,0,0,0,0,0,0,0,0,0,0,0,0,0,0,0,0,0,0,0,0,0,0,0,0,0,0,0,0,0,0,0,0,0,0,0,0,0,0,0,0,0,0,0,0,0,0,0,0,0,0,0,0,0,0,0,0,0,0,0,0,0,0,0,0,0,0,0,0,0,0,0,0,0,0,0,0,0,0,0,0,0,0,0,0,0,0,0,0,0,0,0,0,0,0,0,0,0,0,0,0,0,0,0,0,0,0,0,0,0,0,0,0,0,0,0,0,0,0,0,0,0,0,0,0,0,0,0,0,0,0,0,0,0,0,0,0,0,0,0,0,0,0,0,0,0,0,0,0,0,0,0,0,0,0,0,0,0,0,0,0,0,0,0,0,0,0,0,0,0,0,0,0,0,0,0,0,0,0,0,0,0,0,0,0,0,0,0,0,0,0,0,0,0,0,0,0,0,0,0,0,0,0,0,0,0,0,0,0,0,0,0,0,0,0,0,0,0,0,0,0,0,0,0,8,0,0,0,0,0,75,0,19,0,0,0,0,0,55,0,0,29,0,31,35,0,14,83,22,0,0,0,43,59,0,0,0,41,0,0,0,0,0,20,0,20,0,0,0
"258",0,0,0,0,0,0,0,0,0,0,0,0,0,0,0,0,0,0,0,0,0,0,0,0,0,0,0,0,0,0,0,0,0,0,0,0,0,0,0,0,0,0,0,0,0,0,0,0,0,0,0,0,0,0,0,0,0,0,0,0,0,0,0,0,0,0,0,0,0,0,0,0,0,0,0,0,0,0,0,0,0,0,0,0,0,0,0,0,0,0,0,0,0,0,0,0,0,0,0,0,0,0,0,0,0,0,0,0,0,0,0,0,0,0,0,0,0,0,0,0,0,0,0,0,0,0,0,0,0,0,0,0,0,0,0,0,0,0,0,0,0,0,0,0,0,0,0,0,0,0,0,0,0,0,0,0,0,0,0,0,0,0,0,0,0,0,0,0,0,0,0,0,0,0,0,0,0,0,0,0,0,0,0,0,0,0,0,0,0,0,0,0,0,0,0,0,0,0,0,0,0,0,0,0,0,0,0,0,0,0,0,0,0,0,0,0,0,0,0,0,0,0,0,0,0,0,0,0,0,0,0,0,0,0,0,0,0,0,0,0,0,0,0,0,0,0,0,0,0,0,0,0,0,0,0,0,0,0,0,0,0,65,32,0,0,10,0,80,74,0,0,10,56,0,0,0,0,0,11,0,0,11,0,0,0,0,0,31,18,0,0,59,0,0,0,0,0,0,0,24
"259",0,0,0,0,0,0,0,0,0,0,0,0,0,0,0,0,0,0,0,0,0,0,0,0,0,0,0,0,0,0,0,0,0,0,0,0,0,0,0,0,0,0,0,0,0,0,0,0,0,0,0,0,0,0,0,0,0,0,0,0,0,0,0,0,0,0,0,0,0,0,0,0,0,0,0,0,0,0,0,0,0,0,0,0,0,0,0,0,0,0,0,0,0,0,0,0,0,0,0,0,0,0,0,0,0,0,0,0,0,0,0,0,0,0,0,0,0,0,0,0,0,0,0,0,0,0,0,0,0,0,0,0,0,0,0,0,0,0,0,0,0,0,0,0,0,0,0,0,0,0,0,0,0,0,0,0,0,0,0,0,0,0,0,0,0,0,0,0,0,0,0,0,0,0,0,0,0,0,0,0,0,0,0,0,0,0,0,0,0,0,0,0,0,0,0,0,0,0,0,0,0,0,0,0,0,0,0,0,0,0,0,0,0,0,0,0,0,0,0,0,0,0,0,0,0,0,0,0,0,0,0,0,0,0,0,0,0,0,0,0,0,0,0,0,0,0,0,0,0,0,0,0,0,0,0,0,0,30,2,0,64,0,75,54,28,85,0,40,0,0,0,0,0,91,0,94,0,68,0,0,0,0,0,0,0,0,0,0,0,18,0,0,98,99,0,76,0,0,20,0
"260",0,0,0,0,0,0,0,0,0,0,0,0,0,0,0,0,0,0,0,0,0,0,0,0,0,0,0,0,0,0,0,0,0,0,0,0,0,0,0,0,0,0,0,0,0,0,0,0,0,0,0,0,0,0,0,0,0,0,0,0,0,0,0,0,0,0,0,0,0,0,0,0,0,0,0,0,0,0,0,0,0,0,0,0,0,0,0,0,0,0,0,0,0,0,0,0,0,0,0,0,0,0,0,0,0,0,0,0,0,0,0,0,0,0,0,0,0,0,0,0,0,0,0,0,0,0,0,0,0,0,0,0,0,0,0,0,0,0,0,0,0,0,0,0,0,0,0,0,0,0,0,0,0,0,0,0,0,0,0,0,0,0,0,0,0,0,0,0,0,0,0,0,0,0,0,0,0,0,0,0,0,0,0,0,0,0,0,0,0,0,0,0,0,0,0,0,0,0,0,0,0,0,0,0,0,0,0,0,0,0,0,0,0,0,0,0,0,0,0,0,0,0,0,0,0,0,0,0,0,0,0,0,0,0,0,0,0,0,0,0,0,0,0,0,0,0,0,0,0,0,0,0,0,0,0,0,0,0,0,82,6,0,0,99,0,89,19,9,0,0,0,0,0,0,0,99,0,0,17,5,25,0,31,0,0,0,0,0,0,22,0,0,0,65,100,0,0,16,0,0
"261",0,0,0,0,0,0,0,0,0,0,0,0,0,0,0,0,0,0,0,0,0,0,0,0,0,0,0,0,0,0,0,0,0,0,0,0,0,0,0,0,0,0,0,0,0,0,0,0,0,0,0,0,0,0,0,0,0,0,0,0,0,0,0,0,0,0,0,0,0,0,0,0,0,0,0,0,0,0,0,0,0,0,0,0,0,0,0,0,0,0,0,0,0,0,0,0,0,0,0,0,0,0,0,0,0,0,0,0,0,0,0,0,0,0,0,0,0,0,0,0,0,0,0,0,0,0,0,0,0,0,0,0,0,0,0,0,0,0,0,0,0,0,0,0,0,0,0,0,0,0,0,0,0,0,0,0,0,0,0,0,0,0,0,0,0,0,0,0,0,0,0,0,0,0,0,0,0,0,0,0,0,0,0,0,0,0,0,0,0,0,0,0,0,0,0,0,0,0,0,0,0,0,0,0,0,0,0,0,0,0,0,0,0,0,0,0,0,0,0,0,0,0,0,0,0,0,0,0,0,0,0,0,0,0,0,0,0,0,0,0,0,0,0,0,0,0,0,0,0,0,0,0,0,0,0,0,0,0,0,0,0,0,0,0,61,41,0,0,0,0,0,0,74,0,97,0,24,0,0,0,0,0,38,0,25,0,0,0,0,0,0,39,86,0,0,0,0,0,0,0
"262",0,0,0,0,0,0,0,0,0,0,0,0,0,0,0,0,0,0,0,0,0,0,0,0,0,0,0,0,0,0,0,0,0,0,0,0,0,0,0,0,0,0,0,0,0,0,0,0,0,0,0,0,0,0,0,0,0,0,0,0,0,0,0,0,0,0,0,0,0,0,0,0,0,0,0,0,0,0,0,0,0,0,0,0,0,0,0,0,0,0,0,0,0,0,0,0,0,0,0,0,0,0,0,0,0,0,0,0,0,0,0,0,0,0,0,0,0,0,0,0,0,0,0,0,0,0,0,0,0,0,0,0,0,0,0,0,0,0,0,0,0,0,0,0,0,0,0,0,0,0,0,0,0,0,0,0,0,0,0,0,0,0,0,0,0,0,0,0,0,0,0,0,0,0,0,0,0,0,0,0,0,0,0,0,0,0,0,0,0,0,0,0,0,0,0,0,0,0,0,0,0,0,0,0,0,0,0,0,0,0,0,0,0,0,0,0,0,0,0,0,0,0,0,0,0,0,0,0,0,0,0,0,0,0,0,0,0,0,0,0,0,0,0,0,0,0,0,0,0,0,0,0,0,0,0,0,0,0,0,0,0,0,0,0,11,0,0,0,0,0,0,0,0,0,0,0,0,4,0,0,0,75,0,0,0,0,0,0,0,0,0,0,81,0,0,0,0,0,0,47
"263",0,0,0,0,0,0,0,0,0,0,0,0,0,0,0,0,0,0,0,0,0,0,0,0,0,0,0,0,0,0,0,0,0,0,0,0,0,0,0,0,0,0,0,0,0,0,0,0,0,0,0,0,0,0,0,0,0,0,0,0,0,0,0,0,0,0,0,0,0,0,0,0,0,0,0,0,0,0,0,0,0,0,0,0,0,0,0,0,0,0,0,0,0,0,0,0,0,0,0,0,0,0,0,0,0,0,0,0,0,0,0,0,0,0,0,0,0,0,0,0,0,0,0,0,0,0,0,0,0,0,0,0,0,0,0,0,0,0,0,0,0,0,0,0,0,0,0,0,0,0,0,0,0,0,0,0,0,0,0,0,0,0,0,0,0,0,0,0,0,0,0,0,0,0,0,0,0,0,0,0,0,0,0,0,0,0,0,0,0,0,0,0,0,0,0,0,0,0,0,0,0,0,0,0,0,0,0,0,0,0,0,0,0,0,0,0,0,0,0,0,0,0,0,0,0,0,0,0,0,0,0,0,0,0,0,0,0,0,0,0,0,0,0,0,0,0,0,0,0,0,0,0,0,0,0,0,0,0,0,0,0,0,0,0,6,0,0,0,41,0,24,0,0,0,0,0,29,0,47,0,49,0,0,0,0,0,0,0,96,98,0,0,0,0,100,0,0,70,19,0
"264",0,0,0,0,0,0,0,0,0,0,0,0,0,0,0,0,0,0,0,0,0,0,0,0,0,0,0,0,0,0,0,0,0,0,0,0,0,0,0,0,0,0,0,0,0,0,0,0,0,0,0,0,0,0,0,0,0,0,0,0,0,0,0,0,0,0,0,0,0,0,0,0,0,0,0,0,0,0,0,0,0,0,0,0,0,0,0,0,0,0,0,0,0,0,0,0,0,0,0,0,0,0,0,0,0,0,0,0,0,0,0,0,0,0,0,0,0,0,0,0,0,0,0,0,0,0,0,0,0,0,0,0,0,0,0,0,0,0,0,0,0,0,0,0,0,0,0,0,0,0,0,0,0,0,0,0,0,0,0,0,0,0,0,0,0,0,0,0,0,0,0,0,0,0,0,0,0,0,0,0,0,0,0,0,0,0,0,0,0,0,0,0,0,0,0,0,0,0,0,0,0,0,0,0,0,0,0,0,0,0,0,0,0,0,0,0,0,0,0,0,0,0,0,0,0,0,0,0,0,0,0,0,0,0,0,0,0,0,0,0,0,0,0,0,0,0,0,0,0,0,0,0,0,0,0,0,0,0,0,0,0,0,93,0,0,0,0,0,0,5,22,0,0,14,0,0,0,0,0,0,22,26,0,0,69,0,83,0,0,26,42,0,99,0,0,0,0,80,71,0
"265",0,0,0,0,0,0,0,0,0,0,0,0,0,0,0,0,0,0,0,0,0,0,0,0,0,0,0,0,0,0,0,0,0,0,0,0,0,0,0,0,0,0,0,0,0,0,0,0,0,0,0,0,0,0,0,0,0,0,0,0,0,0,0,0,0,0,0,0,0,0,0,0,0,0,0,0,0,0,0,0,0,0,0,0,0,0,0,0,0,0,0,0,0,0,0,0,0,0,0,0,0,0,0,0,0,0,0,0,0,0,0,0,0,0,0,0,0,0,0,0,0,0,0,0,0,0,0,0,0,0,0,0,0,0,0,0,0,0,0,0,0,0,0,0,0,0,0,0,0,0,0,0,0,0,0,0,0,0,0,0,0,0,0,0,0,0,0,0,0,0,0,0,0,0,0,0,0,0,0,0,0,0,0,0,0,0,0,0,0,0,0,0,0,0,0,0,0,0,0,0,0,0,0,0,0,0,0,0,0,0,0,0,0,0,0,0,0,0,0,0,0,0,0,0,0,0,0,0,0,0,0,0,0,0,0,0,0,0,0,0,0,0,0,0,0,0,0,0,0,0,0,0,0,0,0,0,0,0,0,0,0,0,0,0,0,0,60,0,0,0,26,0,34,0,0,29,8,0,0,0,42,62,92,0,0,0,1,99,0,0,0,0,0,0,16,0,93,0,0,0
"266",0,0,0,0,0,0,0,0,0,0,0,0,0,0,0,0,0,0,0,0,0,0,0,0,0,0,0,0,0,0,0,0,0,0,0,0,0,0,0,0,0,0,0,0,0,0,0,0,0,0,0,0,0,0,0,0,0,0,0,0,0,0,0,0,0,0,0,0,0,0,0,0,0,0,0,0,0,0,0,0,0,0,0,0,0,0,0,0,0,0,0,0,0,0,0,0,0,0,0,0,0,0,0,0,0,0,0,0,0,0,0,0,0,0,0,0,0,0,0,0,0,0,0,0,0,0,0,0,0,0,0,0,0,0,0,0,0,0,0,0,0,0,0,0,0,0,0,0,0,0,0,0,0,0,0,0,0,0,0,0,0,0,0,0,0,0,0,0,0,0,0,0,0,0,0,0,0,0,0,0,0,0,0,0,0,0,0,0,0,0,0,0,0,0,0,0,0,0,0,0,0,0,0,0,0,0,0,0,0,0,0,0,0,0,0,0,0,0,0,0,0,0,0,0,0,0,0,0,0,0,0,0,0,0,0,0,0,0,0,0,0,0,0,0,0,0,0,0,0,0,0,0,0,0,0,0,0,0,0,0,0,0,0,0,0,0,50,96,0,0,43,0,0,33,0,0,55,57,0,0,0,0,75,0,81,0,0,0,0,91,0,0,0,0,0,0,0,75,0,0
"267",0,0,0,0,0,0,0,0,0,0,0,0,0,0,0,0,0,0,0,0,0,0,0,0,0,0,0,0,0,0,0,0,0,0,0,0,0,0,0,0,0,0,0,0,0,0,0,0,0,0,0,0,0,0,0,0,0,0,0,0,0,0,0,0,0,0,0,0,0,0,0,0,0,0,0,0,0,0,0,0,0,0,0,0,0,0,0,0,0,0,0,0,0,0,0,0,0,0,0,0,0,0,0,0,0,0,0,0,0,0,0,0,0,0,0,0,0,0,0,0,0,0,0,0,0,0,0,0,0,0,0,0,0,0,0,0,0,0,0,0,0,0,0,0,0,0,0,0,0,0,0,0,0,0,0,0,0,0,0,0,0,0,0,0,0,0,0,0,0,0,0,0,0,0,0,0,0,0,0,0,0,0,0,0,0,0,0,0,0,0,0,0,0,0,0,0,0,0,0,0,0,0,0,0,0,0,0,0,0,0,0,0,0,0,0,0,0,0,0,0,0,0,0,0,0,0,0,0,0,0,0,0,0,0,0,0,0,0,0,0,0,0,0,0,0,0,0,0,0,0,0,0,0,0,0,0,0,0,0,0,0,0,0,0,0,0,0,36,3,0,0,0,52,0,0,0,0,0,31,3,0,0,0,84,0,0,0,0,7,0,0,0,0,0,0,0,0,0,0,71
"268",0,0,0,0,0,0,0,0,0,0,0,0,0,0,0,0,0,0,0,0,0,0,0,0,0,0,0,0,0,0,0,0,0,0,0,0,0,0,0,0,0,0,0,0,0,0,0,0,0,0,0,0,0,0,0,0,0,0,0,0,0,0,0,0,0,0,0,0,0,0,0,0,0,0,0,0,0,0,0,0,0,0,0,0,0,0,0,0,0,0,0,0,0,0,0,0,0,0,0,0,0,0,0,0,0,0,0,0,0,0,0,0,0,0,0,0,0,0,0,0,0,0,0,0,0,0,0,0,0,0,0,0,0,0,0,0,0,0,0,0,0,0,0,0,0,0,0,0,0,0,0,0,0,0,0,0,0,0,0,0,0,0,0,0,0,0,0,0,0,0,0,0,0,0,0,0,0,0,0,0,0,0,0,0,0,0,0,0,0,0,0,0,0,0,0,0,0,0,0,0,0,0,0,0,0,0,0,0,0,0,0,0,0,0,0,0,0,0,0,0,0,0,0,0,0,0,0,0,0,0,0,0,0,0,0,0,0,0,0,0,0,0,0,0,0,0,0,0,0,0,0,0,0,0,0,0,0,0,0,0,0,0,0,0,0,0,0,0,0,0,0,0,0,0,0,58,0,0,0,0,61,65,0,45,0,0,0,0,92,31,12,0,0,70,0,0,0,0,76,0
"269",0,0,0,0,0,0,0,0,0,0,0,0,0,0,0,0,0,0,0,0,0,0,0,0,0,0,0,0,0,0,0,0,0,0,0,0,0,0,0,0,0,0,0,0,0,0,0,0,0,0,0,0,0,0,0,0,0,0,0,0,0,0,0,0,0,0,0,0,0,0,0,0,0,0,0,0,0,0,0,0,0,0,0,0,0,0,0,0,0,0,0,0,0,0,0,0,0,0,0,0,0,0,0,0,0,0,0,0,0,0,0,0,0,0,0,0,0,0,0,0,0,0,0,0,0,0,0,0,0,0,0,0,0,0,0,0,0,0,0,0,0,0,0,0,0,0,0,0,0,0,0,0,0,0,0,0,0,0,0,0,0,0,0,0,0,0,0,0,0,0,0,0,0,0,0,0,0,0,0,0,0,0,0,0,0,0,0,0,0,0,0,0,0,0,0,0,0,0,0,0,0,0,0,0,0,0,0,0,0,0,0,0,0,0,0,0,0,0,0,0,0,0,0,0,0,0,0,0,0,0,0,0,0,0,0,0,0,0,0,0,0,0,0,0,0,0,0,0,0,0,0,0,0,0,0,0,0,0,0,0,0,0,0,0,0,0,0,21,0,88,0,26,0,0,0,0,54,53,0,0,17,7,32,69,0,47,0,11,68,0,73,0,0,0,88,21,0,0,0,0
"270",0,0,0,0,0,0,0,0,0,0,0,0,0,0,0,0,0,0,0,0,0,0,0,0,0,0,0,0,0,0,0,0,0,0,0,0,0,0,0,0,0,0,0,0,0,0,0,0,0,0,0,0,0,0,0,0,0,0,0,0,0,0,0,0,0,0,0,0,0,0,0,0,0,0,0,0,0,0,0,0,0,0,0,0,0,0,0,0,0,0,0,0,0,0,0,0,0,0,0,0,0,0,0,0,0,0,0,0,0,0,0,0,0,0,0,0,0,0,0,0,0,0,0,0,0,0,0,0,0,0,0,0,0,0,0,0,0,0,0,0,0,0,0,0,0,0,0,0,0,0,0,0,0,0,0,0,0,0,0,0,0,0,0,0,0,0,0,0,0,0,0,0,0,0,0,0,0,0,0,0,0,0,0,0,0,0,0,0,0,0,0,0,0,0,0,0,0,0,0,0,0,0,0,0,0,0,0,0,0,0,0,0,0,0,0,0,0,0,0,0,0,0,0,0,0,0,0,0,0,0,0,0,0,0,0,0,0,0,0,0,0,0,0,0,0,0,0,0,0,0,0,0,0,0,0,0,0,0,0,0,0,0,0,0,0,0,0,0,0,0,0,0,0,0,0,29,11,0,75,0,0,0,0,0,0,0,79,6,0,0,0,0,59,29,0,0,66,0,0,0
"271",0,0,0,0,0,0,0,0,0,0,0,0,0,0,0,0,0,0,0,0,0,0,0,0,0,0,0,0,0,0,0,0,0,0,0,0,0,0,0,0,0,0,0,0,0,0,0,0,0,0,0,0,0,0,0,0,0,0,0,0,0,0,0,0,0,0,0,0,0,0,0,0,0,0,0,0,0,0,0,0,0,0,0,0,0,0,0,0,0,0,0,0,0,0,0,0,0,0,0,0,0,0,0,0,0,0,0,0,0,0,0,0,0,0,0,0,0,0,0,0,0,0,0,0,0,0,0,0,0,0,0,0,0,0,0,0,0,0,0,0,0,0,0,0,0,0,0,0,0,0,0,0,0,0,0,0,0,0,0,0,0,0,0,0,0,0,0,0,0,0,0,0,0,0,0,0,0,0,0,0,0,0,0,0,0,0,0,0,0,0,0,0,0,0,0,0,0,0,0,0,0,0,0,0,0,0,0,0,0,0,0,0,0,0,0,0,0,0,0,0,0,0,0,0,0,0,0,0,0,0,0,0,0,0,0,0,0,0,0,0,0,0,0,0,0,0,0,0,0,0,0,0,0,0,0,0,0,0,0,0,0,0,0,0,0,0,0,0,0,0,0,0,0,0,0,80,1,80,0,87,17,0,0,48,0,86,0,81,0,0,0,18,0,0,0,0,0,16,0,0
"272",0,0,0,0,0,0,0,0,0,0,0,0,0,0,0,0,0,0,0,0,0,0,0,0,0,0,0,0,0,0,0,0,0,0,0,0,0,0,0,0,0,0,0,0,0,0,0,0,0,0,0,0,0,0,0,0,0,0,0,0,0,0,0,0,0,0,0,0,0,0,0,0,0,0,0,0,0,0,0,0,0,0,0,0,0,0,0,0,0,0,0,0,0,0,0,0,0,0,0,0,0,0,0,0,0,0,0,0,0,0,0,0,0,0,0,0,0,0,0,0,0,0,0,0,0,0,0,0,0,0,0,0,0,0,0,0,0,0,0,0,0,0,0,0,0,0,0,0,0,0,0,0,0,0,0,0,0,0,0,0,0,0,0,0,0,0,0,0,0,0,0,0,0,0,0,0,0,0,0,0,0,0,0,0,0,0,0,0,0,0,0,0,0,0,0,0,0,0,0,0,0,0,0,0,0,0,0,0,0,0,0,0,0,0,0,0,0,0,0,0,0,0,0,0,0,0,0,0,0,0,0,0,0,0,0,0,0,0,0,0,0,0,0,0,0,0,0,0,0,0,0,0,0,0,0,0,0,0,0,0,0,0,0,0,0,0,0,0,0,0,72,0,59,0,0,0,0,0,0,37,0,0,0,0,0,0,0,0,0,0,0,0,0,0,0,0,0,0,0,0
"273",0,0,0,0,0,0,0,0,0,0,0,0,0,0,0,0,0,0,0,0,0,0,0,0,0,0,0,0,0,0,0,0,0,0,0,0,0,0,0,0,0,0,0,0,0,0,0,0,0,0,0,0,0,0,0,0,0,0,0,0,0,0,0,0,0,0,0,0,0,0,0,0,0,0,0,0,0,0,0,0,0,0,0,0,0,0,0,0,0,0,0,0,0,0,0,0,0,0,0,0,0,0,0,0,0,0,0,0,0,0,0,0,0,0,0,0,0,0,0,0,0,0,0,0,0,0,0,0,0,0,0,0,0,0,0,0,0,0,0,0,0,0,0,0,0,0,0,0,0,0,0,0,0,0,0,0,0,0,0,0,0,0,0,0,0,0,0,0,0,0,0,0,0,0,0,0,0,0,0,0,0,0,0,0,0,0,0,0,0,0,0,0,0,0,0,0,0,0,0,0,0,0,0,0,0,0,0,0,0,0,0,0,0,0,0,0,0,0,0,0,0,0,0,0,0,0,0,0,0,0,0,0,0,0,0,0,0,0,0,0,0,0,0,0,0,0,0,0,0,0,0,0,0,0,0,0,0,0,0,0,0,0,0,0,0,0,0,0,0,0,0,16,99,19,0,5,0,0,0,0,0,46,0,0,0,0,30,0,0,0,0,0,82,12,51,0,0,0,0,0
"274",0,0,0,0,0,0,0,0,0,0,0,0,0,0,0,0,0,0,0,0,0,0,0,0,0,0,0,0,0,0,0,0,0,0,0,0,0,0,0,0,0,0,0,0,0,0,0,0,0,0,0,0,0,0,0,0,0,0,0,0,0,0,0,0,0,0,0,0,0,0,0,0,0,0,0,0,0,0,0,0,0,0,0,0,0,0,0,0,0,0,0,0,0,0,0,0,0,0,0,0,0,0,0,0,0,0,0,0,0,0,0,0,0,0,0,0,0,0,0,0,0,0,0,0,0,0,0,0,0,0,0,0,0,0,0,0,0,0,0,0,0,0,0,0,0,0,0,0,0,0,0,0,0,0,0,0,0,0,0,0,0,0,0,0,0,0,0,0,0,0,0,0,0,0,0,0,0,0,0,0,0,0,0,0,0,0,0,0,0,0,0,0,0,0,0,0,0,0,0,0,0,0,0,0,0,0,0,0,0,0,0,0,0,0,0,0,0,0,0,0,0,0,0,0,0,0,0,0,0,0,0,0,0,0,0,0,0,0,0,0,0,0,0,0,0,0,0,0,0,0,0,0,0,0,0,0,0,0,0,0,0,0,0,0,0,0,0,0,0,0,0,0,49,0,0,46,90,0,0,43,0,0,0,0,0,0,75,0,0,60,76,0,0,15,0,0,0,0,0,86
"275",0,0,0,0,0,0,0,0,0,0,0,0,0,0,0,0,0,0,0,0,0,0,0,0,0,0,0,0,0,0,0,0,0,0,0,0,0,0,0,0,0,0,0,0,0,0,0,0,0,0,0,0,0,0,0,0,0,0,0,0,0,0,0,0,0,0,0,0,0,0,0,0,0,0,0,0,0,0,0,0,0,0,0,0,0,0,0,0,0,0,0,0,0,0,0,0,0,0,0,0,0,0,0,0,0,0,0,0,0,0,0,0,0,0,0,0,0,0,0,0,0,0,0,0,0,0,0,0,0,0,0,0,0,0,0,0,0,0,0,0,0,0,0,0,0,0,0,0,0,0,0,0,0,0,0,0,0,0,0,0,0,0,0,0,0,0,0,0,0,0,0,0,0,0,0,0,0,0,0,0,0,0,0,0,0,0,0,0,0,0,0,0,0,0,0,0,0,0,0,0,0,0,0,0,0,0,0,0,0,0,0,0,0,0,0,0,0,0,0,0,0,0,0,0,0,0,0,0,0,0,0,0,0,0,0,0,0,0,0,0,0,0,0,0,0,0,0,0,0,0,0,0,0,0,0,0,0,0,0,0,0,0,0,0,0,0,0,0,0,0,0,0,0,0,55,0,0,0,0,0,0,0,0,0,78,0,10,0,0,0,93,0,0,0,0,0,0,0,0,0
"276",0,0,0,0,0,0,0,0,0,0,0,0,0,0,0,0,0,0,0,0,0,0,0,0,0,0,0,0,0,0,0,0,0,0,0,0,0,0,0,0,0,0,0,0,0,0,0,0,0,0,0,0,0,0,0,0,0,0,0,0,0,0,0,0,0,0,0,0,0,0,0,0,0,0,0,0,0,0,0,0,0,0,0,0,0,0,0,0,0,0,0,0,0,0,0,0,0,0,0,0,0,0,0,0,0,0,0,0,0,0,0,0,0,0,0,0,0,0,0,0,0,0,0,0,0,0,0,0,0,0,0,0,0,0,0,0,0,0,0,0,0,0,0,0,0,0,0,0,0,0,0,0,0,0,0,0,0,0,0,0,0,0,0,0,0,0,0,0,0,0,0,0,0,0,0,0,0,0,0,0,0,0,0,0,0,0,0,0,0,0,0,0,0,0,0,0,0,0,0,0,0,0,0,0,0,0,0,0,0,0,0,0,0,0,0,0,0,0,0,0,0,0,0,0,0,0,0,0,0,0,0,0,0,0,0,0,0,0,0,0,0,0,0,0,0,0,0,0,0,0,0,0,0,0,0,0,0,0,0,0,0,0,0,0,0,0,0,0,0,0,0,0,0,0,53,0,0,0,0,0,0,0,0,0,0,65,13,32,0,76,0,30,39,62,0,0,0,72,0,38
"277",0,0,0,0,0,0,0,0,0,0,0,0,0,0,0,0,0,0,0,0,0,0,0,0,0,0,0,0,0,0,0,0,0,0,0,0,0,0,0,0,0,0,0,0,0,0,0,0,0,0,0,0,0,0,0,0,0,0,0,0,0,0,0,0,0,0,0,0,0,0,0,0,0,0,0,0,0,0,0,0,0,0,0,0,0,0,0,0,0,0,0,0,0,0,0,0,0,0,0,0,0,0,0,0,0,0,0,0,0,0,0,0,0,0,0,0,0,0,0,0,0,0,0,0,0,0,0,0,0,0,0,0,0,0,0,0,0,0,0,0,0,0,0,0,0,0,0,0,0,0,0,0,0,0,0,0,0,0,0,0,0,0,0,0,0,0,0,0,0,0,0,0,0,0,0,0,0,0,0,0,0,0,0,0,0,0,0,0,0,0,0,0,0,0,0,0,0,0,0,0,0,0,0,0,0,0,0,0,0,0,0,0,0,0,0,0,0,0,0,0,0,0,0,0,0,0,0,0,0,0,0,0,0,0,0,0,0,0,0,0,0,0,0,0,0,0,0,0,0,0,0,0,0,0,0,0,0,0,0,0,0,0,0,0,0,0,0,0,0,0,0,0,0,0,0,0,0,0,2,89,0,68,0,0,13,0,0,0,0,0,0,0,0,0,0,0,0,35,3,0
"278",0,0,0,0,0,0,0,0,0,0,0,0,0,0,0,0,0,0,0,0,0,0,0,0,0,0,0,0,0,0,0,0,0,0,0,0,0,0,0,0,0,0,0,0,0,0,0,0,0,0,0,0,0,0,0,0,0,0,0,0,0,0,0,0,0,0,0,0,0,0,0,0,0,0,0,0,0,0,0,0,0,0,0,0,0,0,0,0,0,0,0,0,0,0,0,0,0,0,0,0,0,0,0,0,0,0,0,0,0,0,0,0,0,0,0,0,0,0,0,0,0,0,0,0,0,0,0,0,0,0,0,0,0,0,0,0,0,0,0,0,0,0,0,0,0,0,0,0,0,0,0,0,0,0,0,0,0,0,0,0,0,0,0,0,0,0,0,0,0,0,0,0,0,0,0,0,0,0,0,0,0,0,0,0,0,0,0,0,0,0,0,0,0,0,0,0,0,0,0,0,0,0,0,0,0,0,0,0,0,0,0,0,0,0,0,0,0,0,0,0,0,0,0,0,0,0,0,0,0,0,0,0,0,0,0,0,0,0,0,0,0,0,0,0,0,0,0,0,0,0,0,0,0,0,0,0,0,0,0,0,0,0,0,0,0,0,0,0,0,0,0,0,0,0,0,0,75,0,0,0,0,0,0,0,0,0,0,0,0,0,0,36,47,0,0,0,0,0,0,27
"279",0,0,0,0,0,0,0,0,0,0,0,0,0,0,0,0,0,0,0,0,0,0,0,0,0,0,0,0,0,0,0,0,0,0,0,0,0,0,0,0,0,0,0,0,0,0,0,0,0,0,0,0,0,0,0,0,0,0,0,0,0,0,0,0,0,0,0,0,0,0,0,0,0,0,0,0,0,0,0,0,0,0,0,0,0,0,0,0,0,0,0,0,0,0,0,0,0,0,0,0,0,0,0,0,0,0,0,0,0,0,0,0,0,0,0,0,0,0,0,0,0,0,0,0,0,0,0,0,0,0,0,0,0,0,0,0,0,0,0,0,0,0,0,0,0,0,0,0,0,0,0,0,0,0,0,0,0,0,0,0,0,0,0,0,0,0,0,0,0,0,0,0,0,0,0,0,0,0,0,0,0,0,0,0,0,0,0,0,0,0,0,0,0,0,0,0,0,0,0,0,0,0,0,0,0,0,0,0,0,0,0,0,0,0,0,0,0,0,0,0,0,0,0,0,0,0,0,0,0,0,0,0,0,0,0,0,0,0,0,0,0,0,0,0,0,0,0,0,0,0,0,0,0,0,0,0,0,0,0,0,0,0,0,0,0,0,0,0,0,0,0,0,0,0,0,0,0,24,0,94,78,0,76,0,35,79,0,0,0,0,0,0,6,82,50,0,0,0,0,0
"280",0,0,0,0,0,0,0,0,0,0,0,0,0,0,0,0,0,0,0,0,0,0,0,0,0,0,0,0,0,0,0,0,0,0,0,0,0,0,0,0,0,0,0,0,0,0,0,0,0,0,0,0,0,0,0,0,0,0,0,0,0,0,0,0,0,0,0,0,0,0,0,0,0,0,0,0,0,0,0,0,0,0,0,0,0,0,0,0,0,0,0,0,0,0,0,0,0,0,0,0,0,0,0,0,0,0,0,0,0,0,0,0,0,0,0,0,0,0,0,0,0,0,0,0,0,0,0,0,0,0,0,0,0,0,0,0,0,0,0,0,0,0,0,0,0,0,0,0,0,0,0,0,0,0,0,0,0,0,0,0,0,0,0,0,0,0,0,0,0,0,0,0,0,0,0,0,0,0,0,0,0,0,0,0,0,0,0,0,0,0,0,0,0,0,0,0,0,0,0,0,0,0,0,0,0,0,0,0,0,0,0,0,0,0,0,0,0,0,0,0,0,0,0,0,0,0,0,0,0,0,0,0,0,0,0,0,0,0,0,0,0,0,0,0,0,0,0,0,0,0,0,0,0,0,0,0,0,0,0,0,0,0,0,0,0,0,0,0,0,0,0,0,0,0,0,0,0,0,0,0,0,0,0,82,97,0,22,0,0,49,0,0,0,0,0,0,0,21,0,0
"281",0,0,0,0,0,0,0,0,0,0,0,0,0,0,0,0,0,0,0,0,0,0,0,0,0,0,0,0,0,0,0,0,0,0,0,0,0,0,0,0,0,0,0,0,0,0,0,0,0,0,0,0,0,0,0,0,0,0,0,0,0,0,0,0,0,0,0,0,0,0,0,0,0,0,0,0,0,0,0,0,0,0,0,0,0,0,0,0,0,0,0,0,0,0,0,0,0,0,0,0,0,0,0,0,0,0,0,0,0,0,0,0,0,0,0,0,0,0,0,0,0,0,0,0,0,0,0,0,0,0,0,0,0,0,0,0,0,0,0,0,0,0,0,0,0,0,0,0,0,0,0,0,0,0,0,0,0,0,0,0,0,0,0,0,0,0,0,0,0,0,0,0,0,0,0,0,0,0,0,0,0,0,0,0,0,0,0,0,0,0,0,0,0,0,0,0,0,0,0,0,0,0,0,0,0,0,0,0,0,0,0,0,0,0,0,0,0,0,0,0,0,0,0,0,0,0,0,0,0,0,0,0,0,0,0,0,0,0,0,0,0,0,0,0,0,0,0,0,0,0,0,0,0,0,0,0,0,0,0,0,0,0,0,0,0,0,0,0,0,0,0,0,0,0,0,0,0,0,0,0,0,0,0,0,0,67,0,5,85,50,0,0,0,0,0,0,0,0,0,35
"282",0,0,0,0,0,0,0,0,0,0,0,0,0,0,0,0,0,0,0,0,0,0,0,0,0,0,0,0,0,0,0,0,0,0,0,0,0,0,0,0,0,0,0,0,0,0,0,0,0,0,0,0,0,0,0,0,0,0,0,0,0,0,0,0,0,0,0,0,0,0,0,0,0,0,0,0,0,0,0,0,0,0,0,0,0,0,0,0,0,0,0,0,0,0,0,0,0,0,0,0,0,0,0,0,0,0,0,0,0,0,0,0,0,0,0,0,0,0,0,0,0,0,0,0,0,0,0,0,0,0,0,0,0,0,0,0,0,0,0,0,0,0,0,0,0,0,0,0,0,0,0,0,0,0,0,0,0,0,0,0,0,0,0,0,0,0,0,0,0,0,0,0,0,0,0,0,0,0,0,0,0,0,0,0,0,0,0,0,0,0,0,0,0,0,0,0,0,0,0,0,0,0,0,0,0,0,0,0,0,0,0,0,0,0,0,0,0,0,0,0,0,0,0,0,0,0,0,0,0,0,0,0,0,0,0,0,0,0,0,0,0,0,0,0,0,0,0,0,0,0,0,0,0,0,0,0,0,0,0,0,0,0,0,0,0,0,0,0,0,0,0,0,0,0,0,0,0,0,0,0,0,0,14,0,0,5,0,0,0,0,57,0,0,0,0,0,0,0,0,79
"283",0,0,0,0,0,0,0,0,0,0,0,0,0,0,0,0,0,0,0,0,0,0,0,0,0,0,0,0,0,0,0,0,0,0,0,0,0,0,0,0,0,0,0,0,0,0,0,0,0,0,0,0,0,0,0,0,0,0,0,0,0,0,0,0,0,0,0,0,0,0,0,0,0,0,0,0,0,0,0,0,0,0,0,0,0,0,0,0,0,0,0,0,0,0,0,0,0,0,0,0,0,0,0,0,0,0,0,0,0,0,0,0,0,0,0,0,0,0,0,0,0,0,0,0,0,0,0,0,0,0,0,0,0,0,0,0,0,0,0,0,0,0,0,0,0,0,0,0,0,0,0,0,0,0,0,0,0,0,0,0,0,0,0,0,0,0,0,0,0,0,0,0,0,0,0,0,0,0,0,0,0,0,0,0,0,0,0,0,0,0,0,0,0,0,0,0,0,0,0,0,0,0,0,0,0,0,0,0,0,0,0,0,0,0,0,0,0,0,0,0,0,0,0,0,0,0,0,0,0,0,0,0,0,0,0,0,0,0,0,0,0,0,0,0,0,0,0,0,0,0,0,0,0,0,0,0,0,0,0,0,0,0,0,0,0,0,0,0,0,0,0,0,0,0,0,0,0,0,0,0,0,0,52,0,0,0,0,74,0,0,0,0,0,5,0,0,70,0,0,0
"284",0,0,0,0,0,0,0,0,0,0,0,0,0,0,0,0,0,0,0,0,0,0,0,0,0,0,0,0,0,0,0,0,0,0,0,0,0,0,0,0,0,0,0,0,0,0,0,0,0,0,0,0,0,0,0,0,0,0,0,0,0,0,0,0,0,0,0,0,0,0,0,0,0,0,0,0,0,0,0,0,0,0,0,0,0,0,0,0,0,0,0,0,0,0,0,0,0,0,0,0,0,0,0,0,0,0,0,0,0,0,0,0,0,0,0,0,0,0,0,0,0,0,0,0,0,0,0,0,0,0,0,0,0,0,0,0,0,0,0,0,0,0,0,0,0,0,0,0,0,0,0,0,0,0,0,0,0,0,0,0,0,0,0,0,0,0,0,0,0,0,0,0,0,0,0,0,0,0,0,0,0,0,0,0,0,0,0,0,0,0,0,0,0,0,0,0,0,0,0,0,0,0,0,0,0,0,0,0,0,0,0,0,0,0,0,0,0,0,0,0,0,0,0,0,0,0,0,0,0,0,0,0,0,0,0,0,0,0,0,0,0,0,0,0,0,0,0,0,0,0,0,0,0,0,0,0,0,0,0,0,0,0,0,0,0,0,0,0,0,0,0,0,0,0,0,0,0,0,0,0,0,0,0,0,70,0,0,21,47,0,20,0,0,0,85,0,0,0,91,0
"285",0,0,0,0,0,0,0,0,0,0,0,0,0,0,0,0,0,0,0,0,0,0,0,0,0,0,0,0,0,0,0,0,0,0,0,0,0,0,0,0,0,0,0,0,0,0,0,0,0,0,0,0,0,0,0,0,0,0,0,0,0,0,0,0,0,0,0,0,0,0,0,0,0,0,0,0,0,0,0,0,0,0,0,0,0,0,0,0,0,0,0,0,0,0,0,0,0,0,0,0,0,0,0,0,0,0,0,0,0,0,0,0,0,0,0,0,0,0,0,0,0,0,0,0,0,0,0,0,0,0,0,0,0,0,0,0,0,0,0,0,0,0,0,0,0,0,0,0,0,0,0,0,0,0,0,0,0,0,0,0,0,0,0,0,0,0,0,0,0,0,0,0,0,0,0,0,0,0,0,0,0,0,0,0,0,0,0,0,0,0,0,0,0,0,0,0,0,0,0,0,0,0,0,0,0,0,0,0,0,0,0,0,0,0,0,0,0,0,0,0,0,0,0,0,0,0,0,0,0,0,0,0,0,0,0,0,0,0,0,0,0,0,0,0,0,0,0,0,0,0,0,0,0,0,0,0,0,0,0,0,0,0,0,0,0,0,0,0,0,0,0,0,0,0,0,0,0,0,0,0,0,0,0,0,38,0,0,0,0,0,0,0,0,0,0,0,0,84,76,0
"286",0,0,0,0,0,0,0,0,0,0,0,0,0,0,0,0,0,0,0,0,0,0,0,0,0,0,0,0,0,0,0,0,0,0,0,0,0,0,0,0,0,0,0,0,0,0,0,0,0,0,0,0,0,0,0,0,0,0,0,0,0,0,0,0,0,0,0,0,0,0,0,0,0,0,0,0,0,0,0,0,0,0,0,0,0,0,0,0,0,0,0,0,0,0,0,0,0,0,0,0,0,0,0,0,0,0,0,0,0,0,0,0,0,0,0,0,0,0,0,0,0,0,0,0,0,0,0,0,0,0,0,0,0,0,0,0,0,0,0,0,0,0,0,0,0,0,0,0,0,0,0,0,0,0,0,0,0,0,0,0,0,0,0,0,0,0,0,0,0,0,0,0,0,0,0,0,0,0,0,0,0,0,0,0,0,0,0,0,0,0,0,0,0,0,0,0,0,0,0,0,0,0,0,0,0,0,0,0,0,0,0,0,0,0,0,0,0,0,0,0,0,0,0,0,0,0,0,0,0,0,0,0,0,0,0,0,0,0,0,0,0,0,0,0,0,0,0,0,0,0,0,0,0,0,0,0,0,0,0,0,0,0,0,0,0,0,0,0,0,0,0,0,0,0,0,0,0,0,0,0,0,0,0,0,0,0,0,0,0,0,0,21,0,0,0,20,0,0,0,19
"287",0,0,0,0,0,0,0,0,0,0,0,0,0,0,0,0,0,0,0,0,0,0,0,0,0,0,0,0,0,0,0,0,0,0,0,0,0,0,0,0,0,0,0,0,0,0,0,0,0,0,0,0,0,0,0,0,0,0,0,0,0,0,0,0,0,0,0,0,0,0,0,0,0,0,0,0,0,0,0,0,0,0,0,0,0,0,0,0,0,0,0,0,0,0,0,0,0,0,0,0,0,0,0,0,0,0,0,0,0,0,0,0,0,0,0,0,0,0,0,0,0,0,0,0,0,0,0,0,0,0,0,0,0,0,0,0,0,0,0,0,0,0,0,0,0,0,0,0,0,0,0,0,0,0,0,0,0,0,0,0,0,0,0,0,0,0,0,0,0,0,0,0,0,0,0,0,0,0,0,0,0,0,0,0,0,0,0,0,0,0,0,0,0,0,0,0,0,0,0,0,0,0,0,0,0,0,0,0,0,0,0,0,0,0,0,0,0,0,0,0,0,0,0,0,0,0,0,0,0,0,0,0,0,0,0,0,0,0,0,0,0,0,0,0,0,0,0,0,0,0,0,0,0,0,0,0,0,0,0,0,0,0,0,0,0,0,0,0,0,0,0,0,0,0,0,0,0,0,0,0,0,0,0,0,0,0,15,27,0,0,0,0,0,39,4,0,61,0,0,0
"288",0,0,0,0,0,0,0,0,0,0,0,0,0,0,0,0,0,0,0,0,0,0,0,0,0,0,0,0,0,0,0,0,0,0,0,0,0,0,0,0,0,0,0,0,0,0,0,0,0,0,0,0,0,0,0,0,0,0,0,0,0,0,0,0,0,0,0,0,0,0,0,0,0,0,0,0,0,0,0,0,0,0,0,0,0,0,0,0,0,0,0,0,0,0,0,0,0,0,0,0,0,0,0,0,0,0,0,0,0,0,0,0,0,0,0,0,0,0,0,0,0,0,0,0,0,0,0,0,0,0,0,0,0,0,0,0,0,0,0,0,0,0,0,0,0,0,0,0,0,0,0,0,0,0,0,0,0,0,0,0,0,0,0,0,0,0,0,0,0,0,0,0,0,0,0,0,0,0,0,0,0,0,0,0,0,0,0,0,0,0,0,0,0,0,0,0,0,0,0,0,0,0,0,0,0,0,0,0,0,0,0,0,0,0,0,0,0,0,0,0,0,0,0,0,0,0,0,0,0,0,0,0,0,0,0,0,0,0,0,0,0,0,0,0,0,0,0,0,0,0,0,0,0,0,0,0,0,0,0,0,0,0,0,0,0,0,0,0,0,0,0,0,0,0,0,0,0,0,0,0,0,0,0,0,0,0,0,0,57,10,0,0,0,0,0,0,0,0,0,0
"289",0,0,0,0,0,0,0,0,0,0,0,0,0,0,0,0,0,0,0,0,0,0,0,0,0,0,0,0,0,0,0,0,0,0,0,0,0,0,0,0,0,0,0,0,0,0,0,0,0,0,0,0,0,0,0,0,0,0,0,0,0,0,0,0,0,0,0,0,0,0,0,0,0,0,0,0,0,0,0,0,0,0,0,0,0,0,0,0,0,0,0,0,0,0,0,0,0,0,0,0,0,0,0,0,0,0,0,0,0,0,0,0,0,0,0,0,0,0,0,0,0,0,0,0,0,0,0,0,0,0,0,0,0,0,0,0,0,0,0,0,0,0,0,0,0,0,0,0,0,0,0,0,0,0,0,0,0,0,0,0,0,0,0,0,0,0,0,0,0,0,0,0,0,0,0,0,0,0,0,0,0,0,0,0,0,0,0,0,0,0,0,0,0,0,0,0,0,0,0,0,0,0,0,0,0,0,0,0,0,0,0,0,0,0,0,0,0,0,0,0,0,0,0,0,0,0,0,0,0,0,0,0,0,0,0,0,0,0,0,0,0,0,0,0,0,0,0,0,0,0,0,0,0,0,0,0,0,0,0,0,0,0,0,0,0,0,0,0,0,0,0,0,0,0,0,0,0,0,0,0,0,0,0,0,0,0,0,0,65,0,0,0,39,3,0,16,0,0,45,0
"290",0,0,0,0,0,0,0,0,0,0,0,0,0,0,0,0,0,0,0,0,0,0,0,0,0,0,0,0,0,0,0,0,0,0,0,0,0,0,0,0,0,0,0,0,0,0,0,0,0,0,0,0,0,0,0,0,0,0,0,0,0,0,0,0,0,0,0,0,0,0,0,0,0,0,0,0,0,0,0,0,0,0,0,0,0,0,0,0,0,0,0,0,0,0,0,0,0,0,0,0,0,0,0,0,0,0,0,0,0,0,0,0,0,0,0,0,0,0,0,0,0,0,0,0,0,0,0,0,0,0,0,0,0,0,0,0,0,0,0,0,0,0,0,0,0,0,0,0,0,0,0,0,0,0,0,0,0,0,0,0,0,0,0,0,0,0,0,0,0,0,0,0,0,0,0,0,0,0,0,0,0,0,0,0,0,0,0,0,0,0,0,0,0,0,0,0,0,0,0,0,0,0,0,0,0,0,0,0,0,0,0,0,0,0,0,0,0,0,0,0,0,0,0,0,0,0,0,0,0,0,0,0,0,0,0,0,0,0,0,0,0,0,0,0,0,0,0,0,0,0,0,0,0,0,0,0,0,0,0,0,0,0,0,0,0,0,0,0,0,0,0,0,0,0,0,0,0,0,0,0,0,0,0,0,0,0,0,0,0,0,0,0,0,45,19,0,0,77,17,68
"291",0,0,0,0,0,0,0,0,0,0,0,0,0,0,0,0,0,0,0,0,0,0,0,0,0,0,0,0,0,0,0,0,0,0,0,0,0,0,0,0,0,0,0,0,0,0,0,0,0,0,0,0,0,0,0,0,0,0,0,0,0,0,0,0,0,0,0,0,0,0,0,0,0,0,0,0,0,0,0,0,0,0,0,0,0,0,0,0,0,0,0,0,0,0,0,0,0,0,0,0,0,0,0,0,0,0,0,0,0,0,0,0,0,0,0,0,0,0,0,0,0,0,0,0,0,0,0,0,0,0,0,0,0,0,0,0,0,0,0,0,0,0,0,0,0,0,0,0,0,0,0,0,0,0,0,0,0,0,0,0,0,0,0,0,0,0,0,0,0,0,0,0,0,0,0,0,0,0,0,0,0,0,0,0,0,0,0,0,0,0,0,0,0,0,0,0,0,0,0,0,0,0,0,0,0,0,0,0,0,0,0,0,0,0,0,0,0,0,0,0,0,0,0,0,0,0,0,0,0,0,0,0,0,0,0,0,0,0,0,0,0,0,0,0,0,0,0,0,0,0,0,0,0,0,0,0,0,0,0,0,0,0,0,0,0,0,0,0,0,0,0,0,0,0,0,0,0,0,0,0,0,0,0,0,0,0,0,0,0,0,0,0,0,0,0,2,0,64,0,54
"292",0,0,0,0,0,0,0,0,0,0,0,0,0,0,0,0,0,0,0,0,0,0,0,0,0,0,0,0,0,0,0,0,0,0,0,0,0,0,0,0,0,0,0,0,0,0,0,0,0,0,0,0,0,0,0,0,0,0,0,0,0,0,0,0,0,0,0,0,0,0,0,0,0,0,0,0,0,0,0,0,0,0,0,0,0,0,0,0,0,0,0,0,0,0,0,0,0,0,0,0,0,0,0,0,0,0,0,0,0,0,0,0,0,0,0,0,0,0,0,0,0,0,0,0,0,0,0,0,0,0,0,0,0,0,0,0,0,0,0,0,0,0,0,0,0,0,0,0,0,0,0,0,0,0,0,0,0,0,0,0,0,0,0,0,0,0,0,0,0,0,0,0,0,0,0,0,0,0,0,0,0,0,0,0,0,0,0,0,0,0,0,0,0,0,0,0,0,0,0,0,0,0,0,0,0,0,0,0,0,0,0,0,0,0,0,0,0,0,0,0,0,0,0,0,0,0,0,0,0,0,0,0,0,0,0,0,0,0,0,0,0,0,0,0,0,0,0,0,0,0,0,0,0,0,0,0,0,0,0,0,0,0,0,0,0,0,0,0,0,0,0,0,0,0,0,0,0,0,0,0,0,0,0,0,0,0,0,0,0,0,0,0,30,20,0,56,75,76,0,0
"293",0,0,0,0,0,0,0,0,0,0,0,0,0,0,0,0,0,0,0,0,0,0,0,0,0,0,0,0,0,0,0,0,0,0,0,0,0,0,0,0,0,0,0,0,0,0,0,0,0,0,0,0,0,0,0,0,0,0,0,0,0,0,0,0,0,0,0,0,0,0,0,0,0,0,0,0,0,0,0,0,0,0,0,0,0,0,0,0,0,0,0,0,0,0,0,0,0,0,0,0,0,0,0,0,0,0,0,0,0,0,0,0,0,0,0,0,0,0,0,0,0,0,0,0,0,0,0,0,0,0,0,0,0,0,0,0,0,0,0,0,0,0,0,0,0,0,0,0,0,0,0,0,0,0,0,0,0,0,0,0,0,0,0,0,0,0,0,0,0,0,0,0,0,0,0,0,0,0,0,0,0,0,0,0,0,0,0,0,0,0,0,0,0,0,0,0,0,0,0,0,0,0,0,0,0,0,0,0,0,0,0,0,0,0,0,0,0,0,0,0,0,0,0,0,0,0,0,0,0,0,0,0,0,0,0,0,0,0,0,0,0,0,0,0,0,0,0,0,0,0,0,0,0,0,0,0,0,0,0,0,0,0,0,0,0,0,0,0,0,0,0,0,0,0,0,0,0,0,0,0,0,0,0,0,0,0,0,0,0,0,0,0,94,15,0,0,35,0,0,0
"294",0,0,0,0,0,0,0,0,0,0,0,0,0,0,0,0,0,0,0,0,0,0,0,0,0,0,0,0,0,0,0,0,0,0,0,0,0,0,0,0,0,0,0,0,0,0,0,0,0,0,0,0,0,0,0,0,0,0,0,0,0,0,0,0,0,0,0,0,0,0,0,0,0,0,0,0,0,0,0,0,0,0,0,0,0,0,0,0,0,0,0,0,0,0,0,0,0,0,0,0,0,0,0,0,0,0,0,0,0,0,0,0,0,0,0,0,0,0,0,0,0,0,0,0,0,0,0,0,0,0,0,0,0,0,0,0,0,0,0,0,0,0,0,0,0,0,0,0,0,0,0,0,0,0,0,0,0,0,0,0,0,0,0,0,0,0,0,0,0,0,0,0,0,0,0,0,0,0,0,0,0,0,0,0,0,0,0,0,0,0,0,0,0,0,0,0,0,0,0,0,0,0,0,0,0,0,0,0,0,0,0,0,0,0,0,0,0,0,0,0,0,0,0,0,0,0,0,0,0,0,0,0,0,0,0,0,0,0,0,0,0,0,0,0,0,0,0,0,0,0,0,0,0,0,0,0,0,0,0,0,0,0,0,0,0,0,0,0,0,0,0,0,0,0,0,0,0,0,0,0,0,0,0,0,0,0,0,0,0,0,0,0,64,25,0,0,0,0,0,0
"295",0,0,0,0,0,0,0,0,0,0,0,0,0,0,0,0,0,0,0,0,0,0,0,0,0,0,0,0,0,0,0,0,0,0,0,0,0,0,0,0,0,0,0,0,0,0,0,0,0,0,0,0,0,0,0,0,0,0,0,0,0,0,0,0,0,0,0,0,0,0,0,0,0,0,0,0,0,0,0,0,0,0,0,0,0,0,0,0,0,0,0,0,0,0,0,0,0,0,0,0,0,0,0,0,0,0,0,0,0,0,0,0,0,0,0,0,0,0,0,0,0,0,0,0,0,0,0,0,0,0,0,0,0,0,0,0,0,0,0,0,0,0,0,0,0,0,0,0,0,0,0,0,0,0,0,0,0,0,0,0,0,0,0,0,0,0,0,0,0,0,0,0,0,0,0,0,0,0,0,0,0,0,0,0,0,0,0,0,0,0,0,0,0,0,0,0,0,0,0,0,0,0,0,0,0,0,0,0,0,0,0,0,0,0,0,0,0,0,0,0,0,0,0,0,0,0,0,0,0,0,0,0,0,0,0,0,0,0,0,0,0,0,0,0,0,0,0,0,0,0,0,0,0,0,0,0,0,0,0,0,0,0,0,0,0,0,0,0,0,0,0,0,0,0,0,0,0,0,0,0,0,0,0,0,0,0,0,0,0,0,0,0,0,0,48,0,0,78,88,0
"296",0,0,0,0,0,0,0,0,0,0,0,0,0,0,0,0,0,0,0,0,0,0,0,0,0,0,0,0,0,0,0,0,0,0,0,0,0,0,0,0,0,0,0,0,0,0,0,0,0,0,0,0,0,0,0,0,0,0,0,0,0,0,0,0,0,0,0,0,0,0,0,0,0,0,0,0,0,0,0,0,0,0,0,0,0,0,0,0,0,0,0,0,0,0,0,0,0,0,0,0,0,0,0,0,0,0,0,0,0,0,0,0,0,0,0,0,0,0,0,0,0,0,0,0,0,0,0,0,0,0,0,0,0,0,0,0,0,0,0,0,0,0,0,0,0,0,0,0,0,0,0,0,0,0,0,0,0,0,0,0,0,0,0,0,0,0,0,0,0,0,0,0,0,0,0,0,0,0,0,0,0,0,0,0,0,0,0,0,0,0,0,0,0,0,0,0,0,0,0,0,0,0,0,0,0,0,0,0,0,0,0,0,0,0,0,0,0,0,0,0,0,0,0,0,0,0,0,0,0,0,0,0,0,0,0,0,0,0,0,0,0,0,0,0,0,0,0,0,0,0,0,0,0,0,0,0,0,0,0,0,0,0,0,0,0,0,0,0,0,0,0,0,0,0,0,0,0,0,0,0,0,0,0,0,0,0,0,0,0,0,0,0,0,0,18,63,0,0,0,0
"297",0,0,0,0,0,0,0,0,0,0,0,0,0,0,0,0,0,0,0,0,0,0,0,0,0,0,0,0,0,0,0,0,0,0,0,0,0,0,0,0,0,0,0,0,0,0,0,0,0,0,0,0,0,0,0,0,0,0,0,0,0,0,0,0,0,0,0,0,0,0,0,0,0,0,0,0,0,0,0,0,0,0,0,0,0,0,0,0,0,0,0,0,0,0,0,0,0,0,0,0,0,0,0,0,0,0,0,0,0,0,0,0,0,0,0,0,0,0,0,0,0,0,0,0,0,0,0,0,0,0,0,0,0,0,0,0,0,0,0,0,0,0,0,0,0,0,0,0,0,0,0,0,0,0,0,0,0,0,0,0,0,0,0,0,0,0,0,0,0,0,0,0,0,0,0,0,0,0,0,0,0,0,0,0,0,0,0,0,0,0,0,0,0,0,0,0,0,0,0,0,0,0,0,0,0,0,0,0,0,0,0,0,0,0,0,0,0,0,0,0,0,0,0,0,0,0,0,0,0,0,0,0,0,0,0,0,0,0,0,0,0,0,0,0,0,0,0,0,0,0,0,0,0,0,0,0,0,0,0,0,0,0,0,0,0,0,0,0,0,0,0,0,0,0,0,0,0,0,0,0,0,0,0,0,0,0,0,0,0,0,0,0,0,0,0,0,0,4,0,0
"298",0,0,0,0,0,0,0,0,0,0,0,0,0,0,0,0,0,0,0,0,0,0,0,0,0,0,0,0,0,0,0,0,0,0,0,0,0,0,0,0,0,0,0,0,0,0,0,0,0,0,0,0,0,0,0,0,0,0,0,0,0,0,0,0,0,0,0,0,0,0,0,0,0,0,0,0,0,0,0,0,0,0,0,0,0,0,0,0,0,0,0,0,0,0,0,0,0,0,0,0,0,0,0,0,0,0,0,0,0,0,0,0,0,0,0,0,0,0,0,0,0,0,0,0,0,0,0,0,0,0,0,0,0,0,0,0,0,0,0,0,0,0,0,0,0,0,0,0,0,0,0,0,0,0,0,0,0,0,0,0,0,0,0,0,0,0,0,0,0,0,0,0,0,0,0,0,0,0,0,0,0,0,0,0,0,0,0,0,0,0,0,0,0,0,0,0,0,0,0,0,0,0,0,0,0,0,0,0,0,0,0,0,0,0,0,0,0,0,0,0,0,0,0,0,0,0,0,0,0,0,0,0,0,0,0,0,0,0,0,0,0,0,0,0,0,0,0,0,0,0,0,0,0,0,0,0,0,0,0,0,0,0,0,0,0,0,0,0,0,0,0,0,0,0,0,0,0,0,0,0,0,0,0,0,0,0,0,0,0,0,0,0,0,0,0,0,0,0,0,0
"299",0,0,0,0,0,0,0,0,0,0,0,0,0,0,0,0,0,0,0,0,0,0,0,0,0,0,0,0,0,0,0,0,0,0,0,0,0,0,0,0,0,0,0,0,0,0,0,0,0,0,0,0,0,0,0,0,0,0,0,0,0,0,0,0,0,0,0,0,0,0,0,0,0,0,0,0,0,0,0,0,0,0,0,0,0,0,0,0,0,0,0,0,0,0,0,0,0,0,0,0,0,0,0,0,0,0,0,0,0,0,0,0,0,0,0,0,0,0,0,0,0,0,0,0,0,0,0,0,0,0,0,0,0,0,0,0,0,0,0,0,0,0,0,0,0,0,0,0,0,0,0,0,0,0,0,0,0,0,0,0,0,0,0,0,0,0,0,0,0,0,0,0,0,0,0,0,0,0,0,0,0,0,0,0,0,0,0,0,0,0,0,0,0,0,0,0,0,0,0,0,0,0,0,0,0,0,0,0,0,0,0,0,0,0,0,0,0,0,0,0,0,0,0,0,0,0,0,0,0,0,0,0,0,0,0,0,0,0,0,0,0,0,0,0,0,0,0,0,0,0,0,0,0,0,0,0,0,0,0,0,0,0,0,0,0,0,0,0,0,0,0,0,0,0,0,0,0,0,0,0,0,0,0,0,0,0,0,0,0,0,0,0,0,0,0,0,0,0,0,0
"300",0,0,0,0,0,0,0,0,0,0,0,0,0,0,0,0,0,0,0,0,0,0,0,0,0,0,0,0,0,0,0,0,0,0,0,0,0,0,0,0,0,0,0,0,0,0,0,0,0,0,0,0,0,0,0,0,0,0,0,0,0,0,0,0,0,0,0,0,0,0,0,0,0,0,0,0,0,0,0,0,0,0,0,0,0,0,0,0,0,0,0,0,0,0,0,0,0,0,0,0,0,0,0,0,0,0,0,0,0,0,0,0,0,0,0,0,0,0,0,0,0,0,0,0,0,0,0,0,0,0,0,0,0,0,0,0,0,0,0,0,0,0,0,0,0,0,0,0,0,0,0,0,0,0,0,0,0,0,0,0,0,0,0,0,0,0,0,0,0,0,0,0,0,0,0,0,0,0,0,0,0,0,0,0,0,0,0,0,0,0,0,0,0,0,0,0,0,0,0,0,0,0,0,0,0,0,0,0,0,0,0,0,0,0,0,0,0,0,0,0,0,0,0,0,0,0,0,0,0,0,0,0,0,0,0,0,0,0,0,0,0,0,0,0,0,0,0,0,0,0,0,0,0,0,0,0,0,0,0,0,0,0,0,0,0,0,0,0,0,0,0,0,0,0,0,0,0,0,0,0,0,0,0,0,0,0,0,0,0,0,0,0,0,0,0,0,0,0,0,0
"301",0,0,0,0,0,0,0,0,0,0,0,0,0,0,0,0,0,0,0,0,0,0,0,0,0,0,0,0,0,0,0,0,0,0,0,0,0,0,0,0,0,0,0,0,0,0,0,0,0,0,0,0,0,0,0,0,0,0,0,0,0,0,0,0,0,0,0,0,0,0,0,0,0,0,0,0,0,0,0,0,0,0,0,0,0,0,0,0,0,0,0,0,0,0,0,0,0,0,0,0,0,0,0,0,0,0,0,0,0,0,0,0,0,0,0,0,0,0,0,0,0,0,0,0,0,0,0,0,0,0,0,0,0,0,0,0,0,0,0,0,0,0,0,0,0,0,0,0,0,0,0,0,0,0,0,0,0,0,0,0,0,0,0,0,0,0,0,0,0,0,0,0,0,0,0,0,0,0,0,0,0,0,0,0,0,0,0,0,0,0,0,0,0,0,0,0,0,0,0,0,0,0,0,0,0,0,0,0,0,0,0,0,0,0,0,0,0,0,0,0,0,0,0,0,0,0,0,0,0,0,0,0,0,0,0,0,0,0,0,0,0,0,0,0,0,0,0,0,0,0,0,0,0,0,0,0,0,0,0,0,0,0,0,0,0,0,0,0,0,0,0,0,0,0,0,0,0,0,0,0,0,0,0,0,0,0,0,0,0,0,0,0,0,0,0,0,0,0,0,0
